memset test:
start	0
end	512
incr	1
ntry	10000
align	1
verbose	0
bytes   	   i386		   i586		   i686		i686fix	
       0	164.040	164.040	206.907	206.907	141.534	141.534	141.196	141.196
       1	173.493	173.493	216.591	216.591	153.428	153.428	153.477	153.477
       2	180.826	 90.413	216.098	108.049	212.425	106.213	161.458	 80.729
       3	175.617	 58.539	214.974	 71.658	216.034	 72.011	220.107	 73.369
       4	289.132	 72.283	213.086	 53.271	216.081	 54.020	220.058	 55.015
       5	298.935	 59.787	213.537	 42.707	216.073	 43.215	220.034	 44.007
       6	294.841	 49.140	204.031	 34.005	216.037	 36.006	220.052	 36.675
       7	289.867	 41.410	204.054	 29.151	216.062	 30.866	220.065	 31.438
       8	284.031	 35.504	209.596	 26.199	216.046	 27.006	220.078	 27.510
       9	300.050	 33.339	208.459	 23.162	218.911	 24.323	220.064	 24.452
      10	300.045	 30.004	208.449	 20.845	222.712	 22.271	220.067	 22.007
      11	300.067	 27.279	208.464	 18.951	222.767	 20.252	220.063	 20.006
      12	252.106	 21.009	209.479	 17.457	222.697	 18.558	220.127	 18.344
      13	252.102	 19.392	211.017	 16.232	218.618	 16.817	220.092	 16.930
      14	252.048	 18.003	204.082	 14.577	216.093	 15.435	220.102	 15.722
      15	252.049	 16.803	204.070	 13.605	216.056	 14.404	220.108	 14.674
      16	252.149	 15.759	215.061	 13.441	216.133	 13.508	220.136	 13.758
      17	252.115	 14.830	213.542	 12.561	226.462	 13.321	220.106	 12.947
      18	252.096	 14.005	213.560	 11.864	230.256	 12.792	220.134	 12.230
      19	252.086	 13.268	211.675	 11.141	230.291	 12.121	220.132	 11.586
      20	252.129	 12.606	214.216	 10.711	230.228	 11.511	220.111	 11.006
      21	252.097	 12.005	215.026	 10.239	231.026	 11.001	220.091	 10.481
      22	252.119	 11.460	215.026	  9.774	231.066	 10.503	220.093	 10.004
      23	252.110	 10.961	215.030	  9.349	231.067	 10.046	220.159	  9.572
      24	252.131	 10.505	221.843	  9.243	231.050	  9.627	220.219	  9.176
      25	252.108	 10.084	218.240	  8.730	233.985	  9.359	220.197	  8.808
      26	252.130	  9.697	218.291	  8.396	237.702	  9.142	220.178	  8.468
      27	252.137	  9.338	218.114	  8.078	237.757	  8.806	220.174	  8.155
      28	252.171	  9.006	221.954	  7.927	237.702	  8.489	220.176	  7.863
      29	252.228	  8.698	217.957	  7.516	239.829	  8.270	220.136	  7.591
      30	252.127	  8.404	204.168	  6.806	216.174	  7.206	220.179	  7.339
      31	252.091	  8.132	204.155	  6.586	216.139	  6.972	220.167	  7.102
      32	252.272	  7.883	232.172	  7.255	216.355	  6.761	220.305	  6.885
      33	252.196	  7.642	225.883	  6.845	241.437	  7.316	220.166	  6.672
      34	252.254	  7.419	226.197	  6.653	245.198	  7.212	220.267	  6.478
      35	252.146	  7.204	225.895	  6.454	245.156	  7.004	220.230	  6.292
      36	252.245	  7.007	229.464	  6.374	245.192	  6.811	220.281	  6.119
      37	252.299	  6.819	230.375	  6.226	246.277	  6.656	220.258	  5.953
      38	252.170	  6.636	230.370	  6.062	250.164	  6.583	220.281	  5.797
      39	256.257	  6.571	230.505	  5.910	250.179	  6.415	228.145	  5.850
      40	256.294	  6.407	229.466	  5.737	250.170	  6.254	228.274	  5.707
      41	256.333	  6.252	230.079	  5.612	252.885	  6.168	228.260	  5.567
      42	256.339	  6.103	230.258	  5.482	259.278	  6.173	228.283	  5.435
      43	260.285	  6.053	230.247	  5.355	259.302	  6.030	228.328	  5.310
      44	260.334	  5.917	229.400	  5.214	259.231	  5.892	228.282	  5.188
      45	260.388	  5.786	230.314	  5.118	254.203	  5.649	228.204	  5.071
      46	260.253	  5.658	231.847	  5.040	254.218	  5.526	228.189	  4.961
      47	260.253	  5.537	231.607	  4.928	254.228	  5.409	232.272	  4.942
      48	260.333	  5.424	229.675	  4.785	254.031	  5.292	232.377	  4.841
      49	260.362	  5.314	229.986	  4.694	264.091	  5.390	232.303	  4.741
      50	260.386	  5.208	229.988	  4.600	270.669	  5.413	232.295	  4.646
      51	264.363	  5.184	229.986	  4.510	270.693	  5.308	232.400	  4.557
      52	264.358	  5.084	229.570	  4.415	270.687	  5.206	232.389	  4.469
      53	264.357	  4.988	230.927	  4.357	271.713	  5.127	232.429	  4.385
      54	264.330	  4.895	230.666	  4.272	273.098	  5.057	232.409	  4.304
      55	264.366	  4.807	230.743	  4.195	273.145	  4.966	236.361	  4.297
      56	264.400	  4.721	229.654	  4.101	273.160	  4.878	236.380	  4.221
      57	264.447	  4.639	229.998	  4.035	275.946	  4.841	236.293	  4.145
      58	264.441	  4.559	229.826	  3.963	281.045	  4.846	236.399	  4.076
      59	268.306	  4.548	230.041	  3.899	281.048	  4.764	236.434	  4.007
      60	268.336	  4.472	229.718	  3.829	280.983	  4.683	236.401	  3.940
      61	268.497	  4.402	232.312	  3.808	292.558	  4.796	236.441	  3.876
      62	268.460	  4.330	232.374	  3.748	292.512	  4.718	236.406	  3.813
      63	268.505	  4.262	232.608	  3.692	292.554	  4.644	240.447	  3.817
      64	268.498	  4.195	232.896	  3.639	292.513	  4.571	240.422	  3.757
      65	268.498	  4.131	230.054	  3.539	284.623	  4.379	240.437	  3.699
      66	268.490	  4.068	230.447	  3.492	291.397	  4.415	240.409	  3.643
      67	272.446	  4.066	235.040	  3.508	291.385	  4.349	240.469	  3.589
      68	272.463	  4.007	236.321	  3.475	291.411	  4.285	240.494	  3.537
      69	272.502	  3.949	235.722	  3.416	292.382	  4.237	240.465	  3.485
      70	272.463	  3.892	235.499	  3.364	293.387	  4.191	240.494	  3.436
      71	272.455	  3.837	235.779	  3.321	294.354	  4.146	244.435	  3.443
      72	272.474	  3.784	234.642	  3.259	293.343	  4.074	244.466	  3.395
      73	272.518	  3.733	235.018	  3.219	296.049	  4.055	244.462	  3.349
      74	272.530	  3.683	235.277	  3.179	303.355	  4.099	244.462	  3.304
      75	276.532	  3.687	235.263	  3.137	303.454	  4.046	244.562	  3.261
      76	276.561	  3.639	233.916	  3.078	303.497	  3.993	244.571	  3.218
      77	276.420	  3.590	237.009	  3.078	296.391	  3.849	244.583	  3.176
      78	276.431	  3.544	236.672	  3.034	298.372	  3.825	244.575	  3.136
      79	276.469	  3.500	237.137	  3.002	298.386	  3.777	248.488	  3.145
      80	276.545	  3.457	234.371	  2.930	297.359	  3.717	248.498	  3.106
      81	276.659	  3.416	235.401	  2.906	308.749	  3.812	248.528	  3.068
      82	276.640	  3.374	234.950	  2.865	313.518	  3.823	248.562	  3.031
      83	280.570	  3.380	235.030	  2.832	313.630	  3.779	248.605	  2.995
      84	280.607	  3.341	234.942	  2.797	313.637	  3.734	248.645	  2.960
      85	280.598	  3.301	235.515	  2.771	316.534	  3.724	248.606	  2.925
      86	280.610	  3.263	235.754	  2.741	311.520	  3.622	248.677	  2.892
      87	280.631	  3.226	235.678	  2.709	320.473	  3.684	252.593	  2.903
      88	280.639	  3.189	234.171	  2.661	320.317	  3.640	252.598	  2.870
      89	280.687	  3.154	234.752	  2.638	324.172	  3.642	252.471	  2.837
      90	280.680	  3.119	235.012	  2.611	328.476	  3.650	252.474	  2.805
      91	284.506	  3.126	234.962	  2.582	328.501	  3.610	252.699	  2.777
      92	284.546	  3.093	234.896	  2.553	328.473	  3.570	252.692	  2.747
      93	284.510	  3.059	240.306	  2.584	306.648	  3.297	252.582	  2.716
      94	284.671	  3.028	239.602	  2.549	308.477	  3.282	252.570	  2.687
      95	284.522	  2.995	239.334	  2.519	308.512	  3.247	256.544	  2.700
      96	284.744	  2.966	232.426	  2.421	308.485	  3.213	256.715	  2.674
      97	284.751	  2.936	232.854	  2.401	336.892	  3.473	256.687	  2.646
      98	284.796	  2.906	232.816	  2.376	341.572	  3.485	256.665	  2.619
      99	288.677	  2.916	270.597	  2.733	341.636	  3.451	256.716	  2.593
     100	288.719	  2.887	273.004	  2.730	341.546	  3.415	256.743	  2.567
     101	288.749	  2.859	273.834	  2.711	342.877	  3.395	256.752	  2.542
     102	288.731	  2.831	270.533	  2.652	346.735	  3.399	256.724	  2.517
     103	288.770	  2.804	271.006	  2.631	346.698	  3.366	260.683	  2.531
     104	288.865	  2.778	270.357	  2.600	346.867	  3.335	260.742	  2.507
     105	288.855	  2.751	267.457	  2.547	349.988	  3.333	260.758	  2.483
     106	288.838	  2.725	267.406	  2.523	354.620	  3.345	260.749	  2.460
     107	292.801	  2.736	271.161	  2.534	354.586	  3.314	260.888	  2.438
     108	292.855	  2.712	269.928	  2.499	354.735	  3.285	260.860	  2.415
     109	292.851	  2.687	270.319	  2.480	345.427	  3.169	260.879	  2.393
     110	292.843	  2.662	270.905	  2.463	348.634	  3.169	260.897	  2.372
     111	292.917	  2.639	270.672	  2.438	348.651	  3.141	264.797	  2.386
     112	292.966	  2.616	271.317	  2.422	348.673	  3.113	264.775	  2.364
     113	293.038	  2.593	267.574	  2.368	362.219	  3.205	264.848	  2.344
     114	293.029	  2.570	267.565	  2.347	367.179	  3.221	264.872	  2.323
     115	296.959	  2.582	267.513	  2.326	367.101	  3.192	264.928	  2.304
     116	296.893	  2.559	267.579	  2.307	366.370	  3.158	269.229	  2.321
     117	296.923	  2.538	267.554	  2.287	367.511	  3.141	264.952	  2.265
     118	296.943	  2.516	271.573	  2.301	371.267	  3.146	265.023	  2.246
     119	297.078	  2.496	267.531	  2.248	371.207	  3.119	268.814	  2.259
     120	297.047	  2.475	267.595	  2.230	371.399	  3.095	268.798	  2.240
     121	297.102	  2.455	271.845	  2.247	375.242	  3.101	274.630	  2.270
     122	297.160	  2.436	267.675	  2.194	379.742	  3.113	268.817	  2.203
     123	300.958	  2.447	272.331	  2.214	379.761	  3.087	269.063	  2.188
     124	301.001	  2.427	267.729	  2.159	379.805	  3.063	269.027	  2.170
     125	301.179	  2.409	267.729	  2.142	392.200	  3.138	269.143	  2.153
     126	301.216	  2.391	267.815	  2.126	396.163	  3.144	269.128	  2.136
     127	301.275	  2.372	272.784	  2.148	396.140	  3.119	279.205	  2.198
     128	301.248	  2.354	267.865	  2.093	396.179	  3.095	279.363	  2.183
     129	300.760	  2.331	267.818	  2.076	388.967	  3.015	289.728	  2.246
     130	300.735	  2.313	267.799	  2.060	394.151	  3.032	280.916	  2.161
     131	305.277	  2.330	288.891	  2.205	394.123	  3.009	273.337	  2.087
     132	305.326	  2.313	288.339	  2.184	394.132	  2.986	273.288	  2.070
     133	305.379	  2.296	288.179	  2.167	395.344	  2.973	279.708	  2.103
     134	305.404	  2.279	288.280	  2.151	399.060	  2.978	280.189	  2.091
     135	305.554	  2.263	287.848	  2.132	399.065	  2.956	284.833	  2.110
     136	305.587	  2.247	284.989	  2.096	399.022	  2.934	277.264	  2.039
     137	305.653	  2.231	287.325	  2.097	401.987	  2.934	277.261	  2.024
     138	305.522	  2.214	288.196	  2.088	402.555	  2.917	285.248	  2.067
     139	317.383	  2.283	287.870	  2.071	402.576	  2.896	277.546	  1.997
     140	309.527	  2.211	286.672	  2.048	402.642	  2.876	286.240	  2.045
     141	309.651	  2.196	284.443	  2.017	397.662	  2.820	288.356	  2.045
     142	309.546	  2.180	284.405	  2.003	402.116	  2.832	287.453	  2.024
     143	309.679	  2.166	284.409	  1.989	402.157	  2.812	290.684	  2.033
     144	309.733	  2.151	284.058	  1.973	402.138	  2.793	292.001	  2.028
     145	309.927	  2.137	288.620	  1.990	415.032	  2.862	291.898	  2.013
     146	309.816	  2.122	283.204	  1.940	420.423	  2.880	292.524	  2.004
     147	313.551	  2.133	289.499	  1.969	420.383	  2.860	282.483	  1.922
     148	313.534	  2.118	282.327	  1.908	419.774	  2.836	282.419	  1.908
     149	313.529	  2.104	283.965	  1.906	420.846	  2.824	294.767	  1.978
     150	313.557	  2.090	283.873	  1.892	425.341	  2.836	293.923	  1.959
     151	313.771	  2.078	283.715	  1.879	425.109	  2.815	300.485	  1.990
     152	313.703	  2.064	282.199	  1.857	425.101	  2.797	286.166	  1.883
     153	313.783	  2.051	283.532	  1.853	427.798	  2.796	285.889	  1.869
     154	313.976	  2.039	283.637	  1.842	432.903	  2.811	285.705	  1.855
     155	317.798	  2.050	283.623	  1.830	432.715	  2.792	296.152	  1.911
     156	317.805	  2.037	282.885	  1.813	432.780	  2.774	286.786	  1.838
     157	317.847	  2.025	287.446	  1.831	409.317	  2.607	298.709	  1.903
     158	318.052	  2.013	287.578	  1.820	413.094	  2.615	297.868	  1.885
     159	317.780	  1.999	287.726	  1.810	413.394	  2.600	319.493	  2.009
     160	317.828	  1.986	277.660	  1.735	413.137	  2.582	321.016	  2.006
     161	317.964	  1.975	283.657	  1.762	440.287	  2.735	320.166	  1.989
     162	317.727	  1.961	283.713	  1.751	445.315	  2.749	322.071	  1.988
     163	331.442	  2.033	307.326	  1.885	445.203	  2.731	310.242	  1.903
     164	322.040	  1.964	306.161	  1.867	445.506	  2.717	306.671	  1.870
     165	337.401	  2.045	308.927	  1.872	446.796	  2.708	307.197	  1.862
     166	337.281	  2.032	311.413	  1.876	448.875	  2.704	313.327	  1.888
     167	335.544	  2.009	309.729	  1.855	448.849	  2.688	316.159	  1.893
     168	337.080	  2.006	305.996	  1.821	449.044	  2.673	315.663	  1.879
     169	338.725	  2.004	307.966	  1.822	452.231	  2.676	316.510	  1.873
     170	322.688	  1.898	308.654	  1.816	458.603	  2.698	316.683	  1.863
     171	326.507	  1.909	300.438	  1.757	458.293	  2.680	314.933	  1.842
     172	344.216	  2.001	307.532	  1.788	458.947	  2.668	313.536	  1.823
     173	345.746	  1.999	313.783	  1.814	447.591	  2.587	322.985	  1.867
     174	326.843	  1.878	311.610	  1.791	451.154	  2.593	323.293	  1.858
     175	342.999	  1.960	311.125	  1.778	451.718	  2.581	323.488	  1.849
     176	326.886	  1.857	295.622	  1.680	452.952	  2.574	322.166	  1.830
     177	327.041	  1.848	313.341	  1.770	465.876	  2.632	318.093	  1.797
     178	345.045	  1.938	310.619	  1.745	475.243	  2.670	320.647	  1.801
     179	347.120	  1.939	315.546	  1.763	475.135	  2.654	326.146	  1.822
     180	348.288	  1.935	308.345	  1.713	476.227	  2.646	324.503	  1.803
     181	350.205	  1.935	311.086	  1.719	476.102	  2.630	330.533	  1.826
     182	330.912	  1.818	313.226	  1.721	476.820	  2.620	323.170	  1.776
     183	331.781	  1.813	301.876	  1.650	476.008	  2.601	323.151	  1.766
     184	331.831	  1.803	297.273	  1.616	476.611	  2.590	331.181	  1.800
     185	331.840	  1.794	300.868	  1.626	480.275	  2.596	331.882	  1.794
     186	331.726	  1.783	300.985	  1.618	486.136	  2.614	334.248	  1.797
     187	334.963	  1.791	313.439	  1.676	486.726	  2.603	327.587	  1.752
     188	335.272	  1.783	310.890	  1.654	486.744	  2.589	330.051	  1.756
     189	335.572	  1.776	302.669	  1.601	507.434	  2.685	338.917	  1.793
     190	335.456	  1.766	302.287	  1.591	509.988	  2.684	339.282	  1.786
     191	335.143	  1.755	303.049	  1.587	509.926	  2.670	335.601	  1.757
     192	335.870	  1.749	303.044	  1.578	507.312	  2.642	344.225	  1.793
     193	335.465	  1.738	315.559	  1.635	500.156	  2.591	362.883	  1.880
     194	335.581	  1.730	312.329	  1.610	501.722	  2.586	363.403	  1.873
     195	339.873	  1.743	320.234	  1.642	501.508	  2.572	333.084	  1.708
     196	363.451	  1.854	320.964	  1.638	501.296	  2.558	340.195	  1.736
     197	361.712	  1.836	320.975	  1.629	501.304	  2.545	341.277	  1.732
     198	340.075	  1.718	321.221	  1.622	503.753	  2.544	334.296	  1.688
     199	341.695	  1.717	321.121	  1.614	503.356	  2.529	340.272	  1.710
     200	363.667	  1.818	336.845	  1.684	502.964	  2.515	343.474	  1.717
     201	341.879	  1.701	320.124	  1.593	505.931	  2.517	343.339	  1.708
     202	341.201	  1.689	320.176	  1.585	510.135	  2.525	332.442	  1.646
     203	344.364	  1.696	320.221	  1.577	510.680	  2.516	344.648	  1.698
     204	344.233	  1.687	320.856	  1.573	515.881	  2.529	343.134	  1.682
     205	344.683	  1.681	323.188	  1.577	506.128	  2.469	341.862	  1.668
     206	344.880	  1.674	323.354	  1.570	506.820	  2.460	345.573	  1.678
     207	345.691	  1.670	323.263	  1.562	507.288	  2.451	320.171	  1.547
     208	345.603	  1.662	341.799	  1.643	506.452	  2.435	348.852	  1.677
     209	345.979	  1.655	320.558	  1.534	521.192	  2.494	347.749	  1.664
     210	345.635	  1.646	320.185	  1.525	531.997	  2.533	338.489	  1.612
     211	348.996	  1.654	320.347	  1.518	531.086	  2.517	352.071	  1.669
     212	348.745	  1.645	320.527	  1.512	531.693	  2.508	351.427	  1.658
     213	348.593	  1.637	320.954	  1.507	532.583	  2.500	320.011	  1.502
     214	348.998	  1.631	321.137	  1.501	531.044	  2.482	350.557	  1.638
     215	348.504	  1.621	321.179	  1.494	531.374	  2.472	349.343	  1.625
     216	349.223	  1.617	339.820	  1.573	530.661	  2.457	361.605	  1.674
     217	349.936	  1.613	320.759	  1.478	534.561	  2.463	366.473	  1.689
     218	349.383	  1.603	320.453	  1.470	542.657	  2.489	350.560	  1.608
     219	353.246	  1.613	320.968	  1.466	541.412	  2.472	363.342	  1.659
     220	353.188	  1.605	321.066	  1.459	542.491	  2.466	355.941	  1.618
     221	352.750	  1.596	328.247	  1.485	528.764	  2.393	367.798	  1.664
     222	353.048	  1.590	328.400	  1.479	532.975	  2.401	369.470	  1.664
     223	353.355	  1.585	328.524	  1.473	530.597	  2.379	370.235	  1.660
     224	352.601	  1.574	322.834	  1.441	536.171	  2.394	369.169	  1.648
     225	353.034	  1.569	320.805	  1.426	546.784	  2.430	356.870	  1.586
     226	353.252	  1.563	320.872	  1.420	553.989	  2.451	369.027	  1.633
     227	358.295	  1.578	341.425	  1.504	554.287	  2.442	357.733	  1.576
     228	358.617	  1.573	340.357	  1.493	554.426	  2.432	369.973	  1.623
     229	358.489	  1.565	340.943	  1.489	554.520	  2.421	358.185	  1.564
     230	358.762	  1.560	340.543	  1.481	554.885	  2.413	371.542	  1.615
     231	359.843	  1.558	340.947	  1.476	554.793	  2.402	363.369	  1.573
     232	359.736	  1.551	338.874	  1.461	555.385	  2.394	368.953	  1.590
     233	360.583	  1.548	340.887	  1.463	558.801	  2.398	361.861	  1.553
     234	359.825	  1.538	341.234	  1.458	571.438	  2.442	371.684	  1.588
     235	362.478	  1.542	340.624	  1.449	571.356	  2.431	364.127	  1.549
     236	362.580	  1.536	340.107	  1.441	571.717	  2.423	376.747	  1.596
     237	363.570	  1.534	342.804	  1.446	552.536	  2.331	367.385	  1.550
     238	364.190	  1.530	342.892	  1.441	560.345	  2.354	377.287	  1.585
     239	363.704	  1.522	342.771	  1.434	561.090	  2.348	369.409	  1.546
     240	363.425	  1.514	338.621	  1.411	562.096	  2.342	380.198	  1.584
     241	363.013	  1.506	341.337	  1.416	576.599	  2.393	368.979	  1.531
     242	362.802	  1.499	340.588	  1.407	584.768	  2.416	380.255	  1.571
     243	366.488	  1.508	340.962	  1.403	584.404	  2.405	380.437	  1.566
     244	366.608	  1.502	340.001	  1.393	584.933	  2.397	377.296	  1.546
     245	366.389	  1.495	340.594	  1.390	583.172	  2.380	383.272	  1.564
     246	366.367	  1.489	340.644	  1.385	584.592	  2.376	338.331	  1.375
     247	367.648	  1.488	340.721	  1.379	583.655	  2.363	386.056	  1.563
     248	367.198	  1.481	338.759	  1.366	585.906	  2.363	340.160	  1.372
     249	367.252	  1.475	341.108	  1.370	589.443	  2.367	384.179	  1.543
     250	367.488	  1.470	341.434	  1.366	596.232	  2.385	388.681	  1.555
     251	369.928	  1.474	341.038	  1.359	597.095	  2.379	375.718	  1.497
     252	370.160	  1.469	340.370	  1.351	597.222	  2.370	383.450	  1.522
     253	368.943	  1.458	340.355	  1.345	611.464	  2.417	344.612	  1.362
     254	369.993	  1.457	340.311	  1.340	610.905	  2.405	344.968	  1.358
     255	370.950	  1.455	340.475	  1.335	609.880	  2.392	348.133	  1.365
     256	371.474	  1.451	340.387	  1.330	610.742	  2.386	347.962	  1.359
     257	370.779	  1.443	340.861	  1.326	609.341	  2.371	390.085	  1.518
     258	371.075	  1.438	340.662	  1.320	611.601	  2.371	388.223	  1.505
     259	403.331	  1.557	359.371	  1.388	612.864	  2.366	378.573	  1.462
     260	403.512	  1.552	358.967	  1.381	611.583	  2.352	378.846	  1.457
     261	377.308	  1.446	358.978	  1.375	612.215	  2.346	348.578	  1.336
     262	377.757	  1.442	359.172	  1.371	613.759	  2.343	387.691	  1.480
     263	377.350	  1.435	358.902	  1.365	612.215	  2.328	389.200	  1.480
     264	377.615	  1.430	358.615	  1.358	612.597	  2.320	350.248	  1.327
     265	407.899	  1.539	359.288	  1.356	615.545	  2.323	381.404	  1.439
     266	405.338	  1.524	359.404	  1.351	625.583	  2.352	381.457	  1.434
     267	406.002	  1.521	359.476	  1.346	627.142	  2.349	381.394	  1.428
     268	407.955	  1.522	359.162	  1.340	625.923	  2.336	381.588	  1.424
     269	385.708	  1.434	358.983	  1.335	614.133	  2.283	352.590	  1.311
     270	381.165	  1.412	358.575	  1.328	614.994	  2.278	353.087	  1.308
     271	381.815	  1.409	359.030	  1.325	614.152	  2.266	355.202	  1.311
     272	381.677	  1.403	356.770	  1.312	613.996	  2.257	354.567	  1.304
     273	409.716	  1.501	359.460	  1.317	631.053	  2.312	383.585	  1.405
     274	408.495	  1.491	359.120	  1.311	636.299	  2.322	386.704	  1.411
     275	405.876	  1.476	359.560	  1.307	636.444	  2.314	384.877	  1.400
     276	408.434	  1.480	358.919	  1.300	635.650	  2.303	383.296	  1.389
     277	384.166	  1.387	360.135	  1.300	634.882	  2.292	399.821	  1.443
     278	384.108	  1.382	359.856	  1.294	636.842	  2.291	445.535	  1.603
     279	384.914	  1.380	359.391	  1.288	637.297	  2.284	411.709	  1.476
     280	384.565	  1.373	359.021	  1.282	637.648	  2.277	401.497	  1.434
     281	391.575	  1.394	359.642	  1.280	642.054	  2.285	385.513	  1.372
     282	390.337	  1.384	359.069	  1.273	642.696	  2.279	385.370	  1.367
     283	391.768	  1.384	359.014	  1.269	642.604	  2.271	386.121	  1.364
     284	391.615	  1.379	359.097	  1.264	642.452	  2.262	385.442	  1.357
     285	387.678	  1.360	356.436	  1.251	643.344	  2.257	363.593	  1.276
     286	387.984	  1.357	356.297	  1.246	642.759	  2.247	363.804	  1.272
     287	388.174	  1.353	356.217	  1.241	642.159	  2.237	365.935	  1.275
     288	388.203	  1.348	354.363	  1.230	650.180	  2.258	365.034	  1.267
     289	397.023	  1.374	360.086	  1.246	648.197	  2.243	388.659	  1.345
     290	395.478	  1.364	359.952	  1.241	652.015	  2.248	389.620	  1.344
     291	398.306	  1.369	472.464	  1.624	651.421	  2.239	388.631	  1.336
     292	414.870	  1.421	448.110	  1.535	665.586	  2.279	387.544	  1.327
     293	394.544	  1.347	460.738	  1.572	664.502	  2.268	367.292	  1.254
     294	394.807	  1.343	453.464	  1.542	667.288	  2.270	367.090	  1.249
     295	395.413	  1.340	487.534	  1.653	666.208	  2.258	368.795	  1.250
     296	396.026	  1.338	485.204	  1.639	667.266	  2.254	477.757	  1.614
     297	402.466	  1.355	468.218	  1.576	669.577	  2.254	405.307	  1.365
     298	402.448	  1.350	485.476	  1.629	679.973	  2.282	404.634	  1.358
     299	403.788	  1.350	459.121	  1.536	680.710	  2.277	404.220	  1.352
     300	403.243	  1.344	464.630	  1.549	680.956	  2.270	403.396	  1.345
     301	400.704	  1.331	492.844	  1.637	655.753	  2.179	369.590	  1.228
     302	398.336	  1.319	496.444	  1.644	668.661	  2.214	370.113	  1.226
     303	398.655	  1.316	508.271	  1.677	669.170	  2.208	372.132	  1.228
     304	398.788	  1.312	489.262	  1.609	669.689	  2.203	371.097	  1.221
     305	404.107	  1.325	495.905	  1.626	684.345	  2.244	406.571	  1.333
     306	403.305	  1.318	493.763	  1.614	688.178	  2.249	406.201	  1.327
     307	422.222	  1.375	459.078	  1.495	689.380	  2.246	401.354	  1.307
     308	422.254	  1.371	477.160	  1.549	689.256	  2.238	400.738	  1.301
     309	401.219	  1.298	460.901	  1.492	692.913	  2.242	378.719	  1.226
     310	401.090	  1.294	467.419	  1.508	693.675	  2.238	377.736	  1.219
     311	401.387	  1.291	503.831	  1.620	693.234	  2.229	380.036	  1.222
     312	401.922	  1.288	514.355	  1.649	693.098	  2.221	379.861	  1.218
     313	406.534	  1.299	500.701	  1.600	696.237	  2.224	403.626	  1.290
     314	405.545	  1.292	503.500	  1.604	714.319	  2.275	403.322	  1.284
     315	407.356	  1.293	499.782	  1.587	714.183	  2.267	404.680	  1.285
     316	407.146	  1.288	492.791	  1.559	713.942	  2.259	403.475	  1.277
     317	404.121	  1.275	493.868	  1.558	747.279	  2.357	381.486	  1.203
     318	404.180	  1.271	507.420	  1.596	754.598	  2.373	381.823	  1.201
     319	404.809	  1.269	498.021	  1.561	752.048	  2.358	384.423	  1.205
     320	405.154	  1.266	520.002	  1.625	753.925	  2.356	384.368	  1.201
     321	424.819	  1.323	521.320	  1.624	714.911	  2.227	405.573	  1.263
     322	410.293	  1.274	494.281	  1.535	757.668	  2.353	405.458	  1.259
     323	426.023	  1.319	551.736	  1.708	758.768	  2.349	400.556	  1.240
     324	424.952	  1.312	527.781	  1.629	759.077	  2.343	399.740	  1.234
     325	411.517	  1.266	559.600	  1.722	760.329	  2.339	384.969	  1.185
     326	412.296	  1.265	567.634	  1.741	758.361	  2.326	384.774	  1.180
     327	412.346	  1.261	578.254	  1.768	758.293	  2.319	385.949	  1.180
     328	412.876	  1.259	549.161	  1.674	756.765	  2.307	386.043	  1.177
     329	437.417	  1.330	595.746	  1.811	760.244	  2.311	401.585	  1.221
     330	435.547	  1.320	569.068	  1.724	761.556	  2.308	401.661	  1.217
     331	426.579	  1.289	606.869	  1.833	765.996	  2.314	402.849	  1.217
     332	426.994	  1.286	561.674	  1.692	732.465	  2.206	401.949	  1.211
     333	415.066	  1.246	822.286	  2.469	720.350	  2.163	386.963	  1.162
     334	414.808	  1.242	824.881	  2.470	721.671	  2.161	386.960	  1.159
     335	415.778	  1.241	839.407	  2.506	721.919	  2.155	396.389	  1.183
     336	416.085	  1.238	570.419	  1.698	721.552	  2.147	389.553	  1.159
     337	423.466	  1.257	575.439	  1.708	737.599	  2.189	402.801	  1.195
     338	422.868	  1.251	576.757	  1.706	742.884	  2.198	403.180	  1.193
     339	424.472	  1.252	583.764	  1.722	742.079	  2.189	403.623	  1.191
     340	426.424	  1.254	574.039	  1.688	742.770	  2.185	403.102	  1.186
     341	417.696	  1.225	570.976	  1.674	742.320	  2.177	396.197	  1.162
     342	418.365	  1.223	566.551	  1.657	743.031	  2.173	395.856	  1.157
     343	418.370	  1.220	594.207	  1.732	742.811	  2.166	397.412	  1.159
     344	418.666	  1.217	603.032	  1.753	742.114	  2.157	397.213	  1.155
     345	424.716	  1.231	634.459	  1.839	744.361	  2.158	404.121	  1.171
     346	422.316	  1.221	633.304	  1.830	757.024	  2.188	403.967	  1.168
     347	428.674	  1.235	651.161	  1.877	755.736	  2.178	405.393	  1.168
     348	427.240	  1.228	644.797	  1.853	756.681	  2.174	404.682	  1.163
     349	420.689	  1.205	871.546	  2.497	774.660	  2.220	398.573	  1.142
     350	420.933	  1.203	823.203	  2.352	781.376	  2.233	399.657	  1.142
     351	428.083	  1.220	828.379	  2.360	770.789	  2.196	401.309	  1.143
     352	421.129	  1.196	867.631	  2.465	773.258	  2.197	400.070	  1.137
     353	426.264	  1.208	902.376	  2.556	761.443	  2.157	406.742	  1.152
     354	425.150	  1.201	616.196	  1.741	769.969	  2.175	406.671	  1.149
     355	427.839	  1.205	1219.126	  3.434	769.701	  2.168	407.914	  1.149
     356	426.215	  1.197	1161.562	  3.263	770.982	  2.166	408.056	  1.146
     357	428.530	  1.200	1203.087	  3.370	773.882	  2.168	401.416	  1.124
     358	429.184	  1.199	1245.081	  3.478	775.465	  2.166	401.742	  1.122
     359	430.583	  1.199	1202.663	  3.350	770.698	  2.147	403.599	  1.124
     360	429.497	  1.193	1118.382	  3.107	777.433	  2.160	403.499	  1.121
     361	449.592	  1.245	1162.546	  3.220	774.305	  2.145	421.721	  1.168
     362	447.397	  1.236	1223.861	  3.381	791.910	  2.188	421.503	  1.164
     363	448.290	  1.235	1182.715	  3.258	790.698	  2.178	422.781	  1.165
     364	446.900	  1.228	1245.304	  3.421	789.831	  2.170	421.949	  1.159
     365	431.749	  1.183	1179.322	  3.231	776.186	  2.127	404.567	  1.108
     366	432.687	  1.182	1202.185	  3.285	770.415	  2.105	404.781	  1.106
     367	433.233	  1.180	1202.874	  3.278	770.852	  2.100	413.367	  1.126
     368	432.889	  1.176	1223.611	  3.325	772.839	  2.100	414.398	  1.126
     369	451.462	  1.223	1245.896	  3.376	795.223	  2.155	422.938	  1.146
     370	449.628	  1.215	1243.745	  3.361	802.009	  2.168	423.433	  1.144
     371	450.946	  1.215	1248.180	  3.364	802.944	  2.164	424.010	  1.143
     372	450.650	  1.211	1182.263	  3.178	805.513	  2.165	423.996	  1.140
     373	450.501	  1.208	1222.974	  3.279	804.864	  2.158	412.744	  1.107
     374	435.440	  1.164	1246.366	  3.333	804.247	  2.150	412.964	  1.104
     375	436.236	  1.163	1117.346	  2.980	805.705	  2.149	415.804	  1.109
     376	436.074	  1.160	1203.412	  3.201	805.586	  2.143	414.132	  1.101
     377	452.395	  1.200	1180.531	  3.131	807.637	  2.142	425.510	  1.129
     378	451.301	  1.194	1159.323	  3.067	888.814	  2.351	425.072	  1.125
     379	453.462	  1.196	1159.842	  3.060	879.584	  2.321	432.141	  1.140
     380	452.499	  1.191	1244.667	  3.275	878.389	  2.312	431.442	  1.135
     381	438.134	  1.150	967.161	  2.538	872.889	  2.291	417.553	  1.096
     382	437.925	  1.146	943.051	  2.469	866.557	  2.268	418.133	  1.095
     383	439.488	  1.147	1179.758	  3.080	870.924	  2.274	419.307	  1.095
     384	438.663	  1.142	936.227	  2.438	870.539	  2.267	419.392	  1.092
     385	456.067	  1.185	1223.099	  3.177	878.825	  2.283	431.938	  1.122
     386	453.540	  1.175	1181.640	  3.061	880.861	  2.282	432.392	  1.120
     387	445.533	  1.151	1061.508	  2.743	880.211	  2.274	425.817	  1.100
     388	443.006	  1.142	1201.702	  3.097	883.617	  2.277	426.030	  1.098
     389	450.180	  1.157	1245.378	  3.201	892.544	  2.294	418.989	  1.077
     390	446.648	  1.145	1203.289	  3.085	879.631	  2.255	418.737	  1.074
     391	448.136	  1.146	1245.007	  3.184	885.907	  2.266	420.772	  1.076
     392	447.005	  1.140	1162.119	  2.965	880.493	  2.246	420.383	  1.072
     393	446.593	  1.136	1246.925	  3.173	884.113	  2.250	428.160	  1.089
     394	445.824	  1.132	1138.687	  2.890	896.698	  2.276	427.996	  1.086
     395	447.905	  1.134	1201.151	  3.041	885.456	  2.242	428.837	  1.086
     396	446.584	  1.128	1162.963	  2.937	837.579	  2.115	429.270	  1.084
     397	449.313	  1.132	1181.822	  2.977	894.016	  2.252	422.306	  1.064
     398	450.070	  1.131	1223.723	  3.075	884.302	  2.222	421.726	  1.060
     399	450.497	  1.129	1243.646	  3.117	893.460	  2.239	432.347	  1.084
     400	450.552	  1.126	1244.834	  3.112	890.569	  2.226	432.211	  1.081
     401	431.205	  1.075	1137.803	  2.837	906.681	  2.261	430.633	  1.074
     402	431.502	  1.073	1307.053	  3.251	848.738	  2.111	431.288	  1.073
     403	432.059	  1.072	1244.930	  3.089	907.149	  2.251	430.283	  1.068
     404	450.215	  1.114	1266.935	  3.136	847.917	  2.099	430.515	  1.066
     405	455.227	  1.124	1224.007	  3.022	849.838	  2.098	431.498	  1.065
     406	451.562	  1.112	1162.726	  2.864	853.345	  2.102	430.998	  1.062
     407	453.292	  1.114	1203.514	  2.957	845.167	  2.077	432.939	  1.064
     408	452.558	  1.109	1244.866	  3.051	851.554	  2.087	432.078	  1.059
     409	453.182	  1.108	1182.008	  2.890	856.508	  2.094	430.962	  1.054
     410	435.039	  1.061	1182.429	  2.884	858.000	  2.093	431.063	  1.051
     411	453.123	  1.102	1246.731	  3.033	859.184	  2.090	432.298	  1.052
     412	453.547	  1.101	1118.563	  2.715	859.762	  2.087	431.980	  1.048
     413	454.956	  1.102	1246.770	  3.019	844.499	  2.045	434.402	  1.052
     414	454.686	  1.098	1247.250	  3.013	898.603	  2.171	433.626	  1.047
     415	455.490	  1.098	1181.867	  2.848	903.556	  2.177	436.142	  1.051
     416	455.520	  1.095	1224.336	  2.943	900.282	  2.164	434.184	  1.044
     417	466.855	  1.120	1245.111	  2.986	868.066	  2.082	414.413	  0.994
     418	456.427	  1.092	1268.376	  3.034	887.612	  2.123	414.612	  0.992
     419	457.503	  1.092	1225.839	  2.926	888.186	  2.120	439.100	  1.048
     420	456.590	  1.087	1288.674	  3.068	887.458	  2.113	415.156	  0.988
     421	463.516	  1.101	1139.790	  2.707	886.292	  2.105	437.033	  1.038
     422	463.906	  1.099	1246.236	  2.953	889.811	  2.109	437.074	  1.036
     423	465.086	  1.099	1248.372	  2.951	887.721	  2.099	437.895	  1.035
     424	474.065	  1.118	1177.079	  2.776	889.795	  2.099	438.126	  1.033
     425	465.451	  1.095	1226.655	  2.886	890.792	  2.096	462.032	  1.087
     426	465.955	  1.094	1203.182	  2.824	896.002	  2.103	463.112	  1.087
     427	479.495	  1.123	1160.600	  2.718	897.534	  2.102	464.086	  1.087
     428	478.646	  1.118	1204.218	  2.814	896.226	  2.094	462.333	  1.080
     429	521.951	  1.217	1245.688	  2.904	874.477	  2.038	444.628	  1.036
     430	467.467	  1.087	1246.475	  2.899	876.130	  2.038	439.168	  1.021
     431	480.101	  1.114	1264.009	  2.933	875.108	  2.030	448.930	  1.042
     432	478.344	  1.107	1245.935	  2.884	875.400	  2.026	449.219	  1.040
     433	481.309	  1.112	1245.451	  2.876	904.319	  2.088	468.207	  1.081
     434	482.092	  1.111	1202.650	  2.771	909.356	  2.095	468.713	  1.080
     435	483.744	  1.112	1226.246	  2.819	990.036	  2.276	467.920	  1.076
     436	483.170	  1.108	1308.614	  3.001	908.714	  2.084	467.044	  1.071
     437	481.080	  1.101	1243.961	  2.847	907.846	  2.077	449.052	  1.028
     438	482.150	  1.101	1244.116	  2.840	910.821	  2.079	448.333	  1.024
     439	482.187	  1.098	1246.056	  2.838	997.300	  2.272	450.486	  1.026
     440	482.940	  1.098	1535.420	  3.490	910.320	  2.069	450.311	  1.023
     441	490.705	  1.113	1246.583	  2.827	934.368	  2.119	469.070	  1.064
     442	484.029	  1.095	1308.373	  2.960	989.893	  2.240	468.681	  1.060
     443	488.183	  1.102	1631.544	  3.683	989.340	  2.233	470.590	  1.062
     444	488.385	  1.100	1202.719	  2.709	982.379	  2.213	469.165	  1.057
     445	494.375	  1.111	1203.391	  2.704	938.572	  2.109	451.121	  1.014
     446	500.132	  1.121	1582.803	  3.549	940.251	  2.108	451.604	  1.013
     447	497.067	  1.112	1580.703	  3.536	939.940	  2.103	452.877	  1.013
     448	496.190	  1.108	1579.134	  3.525	938.579	  2.095	452.511	  1.010
     449	508.282	  1.132	1595.024	  3.552	937.761	  2.089	472.431	  1.052
     450	500.259	  1.112	1224.684	  2.722	939.866	  2.089	473.700	  1.053
     451	478.277	  1.060	1227.082	  2.721	940.530	  2.085	467.199	  1.036
     452	478.136	  1.058	1626.334	  3.598	939.122	  2.078	466.378	  1.032
     453	489.144	  1.080	1561.173	  3.446	939.793	  2.075	470.624	  1.039
     454	490.405	  1.080	1203.011	  2.650	942.154	  2.075	458.277	  1.009
     455	493.205	  1.084	1226.500	  2.696	942.223	  2.071	472.478	  1.038
     456	491.500	  1.078	1461.434	  3.205	941.523	  2.065	479.802	  1.052
     457	478.648	  1.047	1243.285	  2.721	942.633	  2.063	467.919	  1.024
     458	477.532	  1.043	1925.167	  4.203	965.664	  2.108	472.087	  1.031
     459	485.848	  1.058	1593.094	  3.471	963.214	  2.099	476.078	  1.037
     460	478.412	  1.040	1244.794	  2.706	964.253	  2.096	468.416	  1.018
     461	495.493	  1.075	1553.758	  3.370	1017.143	  2.206	482.164	  1.046
     462	496.339	  1.074	1583.763	  3.428	1010.269	  2.187	483.225	  1.046
     463	497.996	  1.076	1960.849	  4.235	1004.593	  2.170	466.152	  1.007
     464	495.405	  1.068	2240.110	  4.828	1009.748	  2.176	477.385	  1.029
     465	492.938	  1.060	1530.771	  3.292	969.893	  2.086	466.472	  1.003
     466	491.851	  1.055	1874.149	  4.022	970.520	  2.083	467.018	  1.002
     467	488.357	  1.046	1965.944	  4.210	973.691	  2.085	466.280	  0.998
     468	483.677	  1.033	1875.945	  4.008	970.321	  2.073	467.391	  0.999
     469	506.846	  1.081	2241.607	  4.780	972.337	  2.073	479.304	  1.022
     470	506.429	  1.078	2239.584	  4.765	974.345	  2.073	482.627	  1.027
     471	522.111	  1.109	2232.450	  4.740	974.634	  2.069	478.107	  1.015
     472	506.346	  1.073	2233.989	  4.733	973.813	  2.063	480.297	  1.018
     473	493.878	  1.044	1644.324	  3.476	978.509	  2.069	469.767	  0.993
     474	494.005	  1.042	2234.041	  4.713	981.481	  2.071	469.041	  0.990
     475	504.289	  1.062	2240.352	  4.717	982.280	  2.068	469.738	  0.989
     476	488.003	  1.025	1915.551	  4.024	983.276	  2.066	471.176	  0.990
     477	501.372	  1.051	2236.274	  4.688	1015.826	  2.130	482.877	  1.012
     478	525.751	  1.100	1886.479	  3.947	973.583	  2.037	482.802	  1.010
     479	529.543	  1.106	1998.395	  4.172	1016.247	  2.122	490.168	  1.023
     480	525.325	  1.094	2237.736	  4.662	1022.051	  2.129	483.429	  1.007
     481	508.491	  1.057	2237.625	  4.652	992.018	  2.062	475.214	  0.988
     482	508.714	  1.055	2238.902	  4.645	993.940	  2.062	474.131	  0.984
     483	510.071	  1.056	2237.608	  4.633	994.183	  2.058	475.282	  0.984
     484	492.449	  1.017	1893.275	  3.912	1002.574	  2.071	477.233	  0.986
     485	504.922	  1.041	2240.031	  4.619	994.318	  2.050	494.513	  1.020
     486	520.236	  1.070	2231.985	  4.593	1006.673	  2.071	499.915	  1.029
     487	522.242	  1.072	2237.590	  4.595	1004.439	  2.063	505.332	  1.038
     488	506.224	  1.037	2233.581	  4.577	1005.466	  2.060	496.463	  1.017
     489	525.937	  1.076	1897.919	  3.881	1011.477	  2.068	504.759	  1.032
     490	525.168	  1.072	2240.575	  4.573	1014.100	  2.070	504.118	  1.029
     491	526.466	  1.072	2236.789	  4.556	1012.395	  2.062	505.716	  1.030
     492	519.579	  1.056	2234.995	  4.543	1012.785	  2.059	505.151	  1.027
     493	528.286	  1.072	2237.615	  4.539	996.744	  2.022	527.355	  1.070
     494	528.927	  1.071	2238.671	  4.532	1012.531	  2.050	497.869	  1.008
     495	529.293	  1.069	2241.222	  4.528	1014.253	  2.049	499.098	  1.008
     496	528.973	  1.066	2238.190	  4.512	1013.711	  2.044	498.426	  1.005
     497	529.323	  1.065	2234.969	  4.497	1023.258	  2.059	501.829	  1.010
     498	522.026	  1.048	2232.619	  4.483	1053.517	  2.115	502.455	  1.009
     499	522.769	  1.048	2239.328	  4.488	1052.202	  2.109	502.190	  1.006
     500	522.236	  1.044	2240.808	  4.482	1025.785	  2.052	500.968	  1.002
     501	529.637	  1.057	2239.260	  4.470	1053.555	  2.103	495.863	  0.990
     502	530.107	  1.056	2236.913	  4.456	1048.956	  2.090	513.830	  1.024
     503	530.776	  1.055	2243.780	  4.461	1048.264	  2.084	515.851	  1.026
     504	530.829	  1.053	2243.600	  4.452	1049.253	  2.082	497.327	  0.987
     505	531.203	  1.052	2360.204	  4.674	1104.947	  2.188	512.906	  1.016
     506	523.196	  1.034	2240.177	  4.427	1105.654	  2.185	502.416	  0.993
     507	524.683	  1.035	2237.918	  4.414	1105.419	  2.180	504.077	  0.994
     508	524.179	  1.032	2236.360	  4.402	1109.693	  2.184	503.410	  0.991
     509	532.476	  1.046	2235.385	  4.392	1095.752	  2.153	526.301	  1.034
     510	532.323	  1.044	2236.476	  4.385	1099.935	  2.157	527.724	  1.035
     511	549.285	  1.075	2236.110	  4.376	1098.704	  2.150	528.712	  1.035
     512	549.171	  1.073	2239.157	  4.373	1075.620	  2.101	527.092	  1.029
