memset test:
start	0
end	512
incr	1
ntry	10000
align	3
verbose	0
bytes   	   i386		   i586		   i686		i686fix	
       0	167.076	167.076	206.921	206.921	144.453	144.453	141.216	141.216
       1	172.802	172.802	209.816	209.816	152.260	152.260	155.228	155.228
       2	172.411	 86.206	217.513	108.756	156.418	 78.209	204.215	102.107
       3	170.020	 56.673	211.765	 70.588	218.634	 72.878	204.155	 68.052
       4	291.130	 72.782	215.061	 53.765	212.048	 53.012	204.021	 51.005
       5	295.710	 59.142	215.613	 43.123	225.016	 45.003	204.022	 40.804
       6	294.011	 49.002	204.050	 34.008	218.063	 36.344	204.062	 34.010
       7	284.024	 40.575	204.066	 29.152	218.040	 31.149	204.068	 29.153
       8	284.031	 35.504	209.600	 26.200	218.031	 27.254	204.053	 25.507
       9	300.055	 33.339	208.461	 23.162	214.980	 23.887	204.042	 22.671
      10	300.065	 30.006	208.427	 20.843	218.906	 21.891	204.058	 20.406
      11	300.056	 27.278	208.459	 18.951	219.014	 19.910	204.345	 18.577
      12	252.115	 21.010	209.547	 17.462	217.049	 18.087	208.071	 17.339
      13	252.098	 19.392	211.025	 16.233	212.068	 16.313	208.059	 16.005
      14	252.128	 18.009	204.131	 14.581	227.858	 16.276	208.127	 14.866
      15	252.128	 16.809	204.120	 13.608	228.002	 15.200	206.708	 13.781
      16	252.149	 15.759	215.063	 13.441	227.944	 14.246	204.118	 12.757
      17	252.128	 14.831	213.580	 12.564	223.002	 13.118	204.125	 12.007
      18	252.136	 14.008	211.692	 11.761	226.951	 12.608	204.132	 11.341
      19	252.110	 13.269	211.674	 11.141	227.064	 11.951	204.134	 10.744
      20	252.144	 12.607	214.225	 10.711	227.043	 11.352	204.119	 10.206
      21	252.143	 12.007	217.813	 10.372	228.012	 10.858	204.142	  9.721
      22	252.163	 11.462	214.999	  9.773	233.424	 10.610	204.140	  9.279
      23	252.156	 10.963	215.005	  9.348	233.500	 10.152	204.157	  8.876
      24	252.184	 10.508	221.841	  9.243	233.499	  9.729	204.158	  8.507
      25	252.178	 10.087	218.250	  8.730	230.778	  9.231	204.194	  8.168
      26	252.149	  9.698	218.118	  8.389	234.612	  9.024	208.181	  8.007
      27	252.163	  9.339	218.121	  8.079	234.676	  8.692	208.182	  7.710
      28	252.184	  9.007	221.965	  7.927	234.703	  8.382	208.165	  7.434
      29	252.226	  8.697	226.336	  7.805	235.776	  8.130	208.148	  7.178
      30	252.216	  8.407	204.259	  6.809	243.817	  8.127	208.264	  6.942
      31	252.259	  8.137	204.261	  6.589	244.042	  7.872	208.271	  6.718
      32	252.272	  7.883	232.193	  7.256	244.058	  7.627	208.263	  6.508
      33	252.189	  7.642	225.892	  6.845	238.624	  7.231	208.216	  6.310
      34	252.274	  7.420	226.211	  6.653	242.506	  7.133	208.227	  6.124
      35	252.262	  7.207	225.895	  6.454	242.525	  6.929	208.233	  5.950
      36	252.160	  7.004	229.391	  6.372	242.553	  6.738	208.236	  5.784
      37	256.239	  6.925	229.977	  6.216	241.255	  6.520	212.234	  5.736
      38	256.285	  6.744	229.431	  6.038	254.331	  6.693	212.238	  5.585
      39	256.312	  6.572	229.673	  5.889	254.358	  6.522	212.200	  5.441
      40	256.299	  6.407	229.573	  5.739	254.373	  6.359	212.210	  5.305
      41	260.326	  6.349	229.468	  5.597	252.158	  6.150	216.172	  5.272
      42	260.354	  6.199	229.638	  5.468	256.630	  6.110	216.239	  5.149
      43	260.316	  6.054	229.453	  5.336	256.668	  5.969	216.260	  5.029
      44	260.351	  5.917	229.766	  5.222	256.620	  5.832	216.206	  4.914
      45	260.298	  5.784	229.801	  5.107	250.234	  5.561	216.275	  4.806
      46	260.338	  5.660	229.671	  4.993	267.626	  5.818	216.284	  4.702
      47	260.346	  5.539	229.584	  4.885	267.701	  5.696	216.361	  4.603
      48	260.336	  5.424	229.450	  4.780	267.693	  5.577	216.346	  4.507
      49	264.373	  5.395	229.942	  4.693	262.928	  5.366	220.240	  4.495
      50	264.380	  5.288	229.672	  4.593	268.412	  5.368	220.255	  4.405
      51	264.377	  5.184	229.553	  4.501	268.418	  5.263	220.253	  4.319
      52	264.389	  5.084	229.772	  4.419	268.426	  5.162	220.258	  4.236
      53	264.406	  4.989	229.757	  4.335	267.686	  5.051	220.370	  4.158
      54	264.396	  4.896	229.722	  4.254	276.082	  5.113	220.412	  4.082
      55	264.404	  4.807	229.732	  4.177	276.085	  5.020	220.401	  4.007
      56	264.408	  4.722	229.761	  4.103	276.084	  4.930	220.365	  3.935
      57	268.328	  4.708	229.746	  4.031	274.131	  4.809	224.293	  3.935
      58	268.456	  4.629	229.486	  3.957	279.750	  4.823	224.333	  3.868
      59	268.332	  4.548	229.367	  3.888	279.741	  4.741	224.337	  3.802
      60	268.340	  4.472	229.870	  3.831	279.737	  4.662	224.260	  3.738
      61	268.530	  4.402	232.623	  3.813	288.557	  4.730	224.484	  3.680
      62	268.482	  4.330	232.523	  3.750	292.485	  4.718	224.449	  3.620
      63	268.486	  4.262	232.868	  3.696	292.598	  4.644	224.454	  3.563
      64	268.508	  4.195	232.893	  3.639	292.476	  4.570	224.475	  3.507
      65	272.428	  4.191	235.940	  3.630	284.640	  4.379	228.421	  3.514
      66	272.469	  4.128	236.173	  3.578	291.395	  4.415	228.413	  3.461
      67	272.488	  4.067	235.576	  3.516	291.399	  4.349	228.438	  3.410
      68	272.472	  4.007	236.405	  3.477	291.398	  4.285	228.442	  3.359
      69	272.519	  3.950	236.325	  3.425	290.658	  4.212	228.473	  3.311
      70	272.509	  3.893	236.175	  3.374	298.826	  4.269	228.472	  3.264
      71	272.526	  3.838	236.128	  3.326	298.864	  4.209	228.471	  3.218
      72	272.504	  3.785	236.200	  3.281	298.882	  4.151	228.460	  3.173
      73	276.534	  3.788	237.012	  3.247	296.078	  4.056	232.447	  3.184
      74	276.582	  3.738	236.540	  3.196	303.456	  4.101	232.472	  3.142
      75	276.566	  3.688	236.485	  3.153	303.433	  4.046	232.479	  3.100
      76	276.554	  3.639	236.195	  3.108	303.493	  3.993	232.453	  3.059
      77	276.473	  3.591	236.735	  3.074	296.358	  3.849	232.590	  3.021
      78	276.537	  3.545	235.597	  3.020	314.748	  4.035	232.557	  2.981
      79	276.537	  3.500	235.977	  2.987	314.926	  3.986	232.549	  2.944
      80	276.523	  3.457	236.179	  2.952	314.919	  3.936	232.541	  2.907
      81	280.606	  3.464	236.769	  2.923	308.779	  3.812	236.537	  2.920
      82	280.622	  3.422	236.120	  2.880	313.542	  3.824	236.464	  2.884
      83	280.614	  3.381	236.815	  2.853	313.604	  3.778	236.553	  2.850
      84	280.607	  3.341	236.119	  2.811	313.623	  3.734	236.603	  2.817
      85	280.624	  3.301	236.977	  2.788	314.648	  3.702	236.595	  2.783
      86	280.672	  3.264	236.624	  2.751	320.761	  3.730	236.683	  2.752
      87	280.694	  3.226	235.603	  2.708	320.877	  3.688	236.691	  2.721
      88	280.677	  3.190	235.091	  2.671	320.756	  3.645	236.664	  2.689
      89	284.557	  3.197	235.226	  2.643	316.184	  3.553	240.649	  2.704
      90	284.565	  3.162	234.564	  2.606	328.336	  3.648	240.627	  2.674
      91	284.564	  3.127	235.606	  2.589	328.388	  3.609	240.636	  2.644
      92	284.561	  3.093	234.825	  2.552	328.490	  3.571	240.611	  2.615
      93	284.539	  3.060	238.792	  2.568	304.631	  3.276	240.674	  2.588
      94	284.751	  3.029	234.818	  2.498	339.227	  3.609	240.784	  2.562
      95	284.797	  2.998	234.903	  2.473	339.916	  3.578	240.802	  2.535
      96	284.748	  2.966	234.619	  2.444	339.938	  3.541	240.784	  2.508
      97	288.758	  2.977	266.088	  2.743	332.806	  3.431	244.685	  2.523
      98	288.778	  2.947	263.694	  2.691	341.426	  3.484	244.705	  2.497
      99	288.740	  2.917	263.726	  2.664	341.512	  3.450	244.686	  2.472
     100	288.745	  2.887	265.468	  2.655	341.494	  3.415	244.674	  2.447
     101	288.799	  2.859	266.794	  2.642	340.423	  3.371	244.848	  2.424
     102	288.870	  2.832	262.806	  2.577	349.349	  3.425	244.818	  2.400
     103	288.843	  2.804	264.077	  2.564	349.426	  3.392	244.812	  2.377
     104	288.833	  2.777	265.841	  2.556	349.404	  3.360	244.806	  2.354
     105	292.825	  2.789	263.569	  2.510	345.496	  3.290	248.818	  2.370
     106	292.900	  2.763	266.350	  2.513	354.565	  3.345	248.835	  2.347
     107	292.843	  2.737	263.720	  2.465	354.653	  3.315	248.774	  2.325
     108	292.855	  2.712	263.888	  2.443	354.597	  3.283	248.786	  2.304
     109	292.974	  2.688	266.812	  2.448	347.544	  3.188	248.924	  2.284
     110	292.971	  2.663	263.369	  2.394	366.403	  3.331	252.806	  2.298
     111	292.944	  2.639	264.511	  2.383	366.548	  3.302	248.896	  2.242
     112	292.957	  2.616	263.532	  2.353	366.493	  3.272	252.827	  2.257
     113	296.991	  2.628	264.633	  2.342	359.313	  3.180	252.775	  2.237
     114	297.035	  2.606	264.414	  2.319	366.924	  3.219	252.763	  2.217
     115	297.048	  2.583	264.926	  2.304	367.063	  3.192	252.775	  2.198
     116	296.988	  2.560	264.163	  2.277	367.061	  3.164	252.789	  2.179
     117	297.222	  2.540	264.400	  2.260	365.808	  3.127	252.941	  2.162
     118	297.092	  2.518	264.775	  2.244	375.666	  3.184	258.657	  2.192
     119	297.092	  2.497	264.784	  2.225	375.632	  3.157	258.368	  2.171
     120	297.085	  2.476	264.474	  2.204	375.756	  3.131	257.312	  2.144
     121	300.980	  2.487	264.936	  2.190	371.660	  3.072	252.896	  2.090
     122	301.073	  2.468	265.768	  2.178	379.536	  3.111	252.642	  2.071
     123	300.991	  2.447	264.921	  2.154	379.616	  3.086	259.797	  2.112
     124	301.044	  2.428	264.406	  2.132	379.444	  3.060	259.364	  2.092
     125	301.432	  2.411	269.338	  2.155	392.448	  3.140	265.047	  2.120
     126	300.934	  2.388	266.021	  2.111	393.261	  3.121	264.259	  2.097
     127	300.862	  2.369	266.075	  2.095	393.153	  3.096	263.995	  2.079
     128	300.906	  2.351	265.375	  2.073	392.310	  3.065	263.723	  2.060
     129	305.306	  2.367	288.926	  2.240	384.259	  2.979	257.337	  1.995
     130	311.545	  2.397	290.452	  2.234	394.193	  3.032	266.118	  2.047
     131	305.290	  2.330	291.333	  2.224	394.157	  3.009	257.358	  1.965
     132	305.492	  2.314	290.735	  2.203	394.190	  2.986	257.473	  1.951
     133	305.651	  2.298	291.287	  2.190	392.818	  2.954	280.352	  2.108
     134	305.616	  2.281	291.012	  2.172	400.804	  2.991	271.280	  2.024
     135	305.622	  2.264	290.141	  2.149	401.387	  2.973	270.871	  2.006
     136	305.518	  2.246	291.548	  2.144	401.370	  2.951	278.704	  2.049
     137	309.578	  2.260	291.267	  2.126	398.547	  2.909	261.511	  1.909
     138	309.628	  2.244	292.277	  2.118	402.123	  2.914	261.377	  1.894
     139	309.574	  2.227	291.023	  2.094	402.070	  2.893	261.389	  1.880
     140	309.505	  2.211	291.361	  2.081	402.044	  2.872	261.502	  1.868
     141	309.665	  2.196	290.778	  2.062	406.125	  2.880	273.593	  1.940
     142	309.640	  2.181	290.827	  2.048	417.112	  2.937	273.893	  1.929
     143	309.715	  2.166	290.484	  2.031	417.332	  2.918	273.886	  1.915
     144	309.711	  2.151	283.741	  1.970	417.491	  2.899	274.965	  1.909
     145	313.775	  2.164	286.024	  1.973	412.696	  2.846	277.803	  1.916
     146	313.768	  2.149	292.642	  2.004	419.893	  2.876	278.716	  1.909
     147	313.786	  2.135	291.577	  1.984	420.031	  2.857	278.560	  1.895
     148	313.739	  2.120	285.921	  1.932	419.894	  2.837	278.004	  1.878
     149	314.095	  2.108	285.604	  1.917	419.068	  2.813	286.117	  1.920
     150	313.891	  2.093	285.715	  1.905	428.291	  2.855	283.989	  1.893
     151	313.879	  2.079	285.764	  1.892	428.446	  2.837	284.830	  1.886
     152	314.025	  2.066	285.366	  1.877	428.426	  2.819	286.222	  1.883
     153	318.081	  2.079	291.355	  1.904	422.508	  2.761	285.551	  1.866
     154	317.843	  2.064	285.791	  1.856	432.704	  2.810	286.964	  1.863
     155	317.798	  2.050	290.930	  1.877	432.478	  2.790	288.321	  1.860
     156	317.808	  2.037	293.088	  1.879	432.747	  2.774	284.746	  1.825
     157	317.658	  2.023	281.319	  1.792	409.602	  2.609	310.510	  1.978
     158	317.625	  2.010	281.749	  1.783	449.196	  2.843	303.429	  1.920
     159	317.712	  1.998	281.687	  1.772	449.458	  2.827	301.745	  1.898
     160	317.768	  1.986	281.888	  1.762	449.465	  2.809	303.023	  1.894
     161	338.110	  2.100	306.860	  1.906	437.695	  2.719	313.211	  1.945
     162	335.544	  2.071	299.358	  1.848	444.743	  2.745	312.649	  1.930
     163	337.108	  2.068	307.334	  1.885	444.663	  2.728	313.928	  1.926
     164	336.074	  2.049	306.800	  1.871	444.767	  2.712	312.381	  1.905
     165	336.800	  2.041	306.422	  1.857	443.950	  2.691	320.893	  1.945
     166	322.362	  1.942	308.610	  1.859	454.183	  2.736	296.140	  1.784
     167	322.532	  1.931	308.849	  1.849	454.846	  2.724	295.784	  1.771
     168	335.774	  1.999	307.343	  1.829	454.616	  2.706	310.832	  1.850
     169	343.589	  2.033	308.586	  1.826	450.357	  2.665	300.283	  1.777
     170	344.240	  2.025	300.212	  1.766	456.859	  2.687	300.331	  1.767
     171	326.992	  1.912	307.415	  1.798	456.777	  2.671	304.481	  1.781
     172	345.778	  2.010	306.852	  1.784	458.585	  2.666	304.555	  1.771
     173	327.074	  1.891	297.670	  1.721	452.395	  2.615	307.286	  1.776
     174	326.992	  1.879	297.694	  1.711	473.664	  2.722	302.052	  1.736
     175	345.681	  1.975	297.823	  1.702	473.147	  2.704	305.401	  1.745
     176	327.334	  1.860	310.409	  1.764	472.660	  2.686	306.024	  1.739
     177	349.633	  1.975	310.611	  1.755	462.800	  2.615	303.633	  1.715
     178	348.987	  1.961	308.726	  1.734	473.903	  2.662	309.655	  1.740
     179	330.806	  1.848	311.271	  1.739	470.232	  2.627	305.395	  1.706
     180	349.167	  1.940	311.404	  1.730	470.173	  2.612	301.385	  1.674
     181	331.856	  1.833	299.224	  1.653	469.444	  2.594	316.803	  1.750
     182	331.593	  1.822	298.792	  1.642	491.307	  2.699	315.637	  1.734
     183	331.747	  1.813	311.023	  1.700	491.256	  2.684	317.041	  1.732
     184	331.195	  1.800	310.611	  1.688	491.220	  2.670	306.760	  1.667
     185	335.341	  1.813	313.396	  1.694	479.788	  2.593	318.635	  1.722
     186	335.673	  1.805	313.648	  1.686	486.205	  2.614	319.225	  1.716
     187	335.595	  1.795	299.939	  1.604	486.434	  2.601	290.603	  1.554
     188	335.183	  1.783	311.856	  1.659	486.359	  2.587	312.856	  1.664
     189	335.416	  1.775	300.866	  1.592	507.841	  2.687	329.562	  1.744
     190	335.576	  1.766	300.146	  1.580	511.868	  2.694	326.514	  1.718
     191	335.808	  1.758	300.476	  1.573	513.895	  2.691	326.704	  1.710
     192	335.314	  1.746	314.039	  1.636	513.308	  2.673	319.020	  1.662
     193	360.905	  1.870	318.958	  1.653	500.169	  2.592	329.937	  1.710
     194	362.413	  1.868	318.751	  1.643	501.670	  2.586	329.901	  1.701
     195	341.222	  1.750	318.808	  1.635	501.559	  2.572	330.762	  1.696
     196	340.835	  1.739	318.962	  1.627	501.763	  2.560	322.718	  1.647
     197	362.919	  1.842	333.760	  1.694	499.667	  2.536	333.395	  1.692
     198	364.536	  1.841	318.014	  1.606	510.569	  2.579	333.783	  1.686
     199	341.263	  1.715	335.121	  1.684	510.787	  2.567	324.183	  1.629
     200	363.386	  1.817	318.245	  1.591	510.118	  2.551	331.717	  1.659
     201	344.625	  1.715	318.734	  1.586	506.219	  2.519	329.201	  1.638
     202	344.432	  1.705	318.898	  1.579	510.543	  2.527	323.506	  1.602
     203	344.654	  1.698	318.968	  1.571	509.691	  2.511	334.218	  1.646
     204	344.496	  1.689	318.967	  1.564	510.373	  2.502	332.848	  1.632
     205	345.165	  1.684	333.095	  1.625	518.449	  2.529	327.162	  1.596
     206	345.817	  1.679	316.215	  1.535	528.154	  2.564	366.664	  1.780
     207	371.945	  1.797	316.148	  1.527	528.940	  2.555	362.153	  1.750
     208	345.505	  1.661	316.062	  1.520	528.927	  2.543	326.862	  1.571
     209	349.215	  1.671	318.883	  1.526	521.377	  2.495	336.497	  1.610
     210	349.030	  1.662	318.584	  1.517	522.812	  2.490	333.625	  1.589
     211	348.932	  1.654	318.770	  1.511	522.716	  2.477	306.050	  1.450
     212	348.808	  1.645	318.861	  1.504	527.053	  2.486	334.725	  1.579
     213	349.417	  1.640	317.830	  1.492	527.105	  2.475	308.327	  1.448
     214	349.056	  1.631	318.072	  1.486	537.432	  2.511	308.021	  1.439
     215	349.035	  1.623	317.796	  1.478	537.633	  2.501	340.677	  1.585
     216	348.707	  1.614	317.822	  1.471	537.905	  2.490	307.927	  1.426
     217	353.256	  1.628	319.222	  1.471	534.955	  2.465	343.577	  1.583
     218	353.194	  1.620	319.076	  1.464	538.871	  2.472	333.048	  1.528
     219	353.340	  1.613	318.900	  1.456	538.648	  2.460	342.941	  1.566
     220	353.233	  1.606	319.099	  1.450	538.594	  2.448	344.674	  1.567
     221	353.375	  1.599	328.903	  1.488	529.259	  2.395	347.176	  1.571
     222	352.915	  1.590	330.043	  1.487	558.033	  2.514	358.072	  1.613
     223	352.579	  1.581	328.135	  1.471	558.310	  2.504	348.771	  1.564
     224	353.096	  1.576	333.898	  1.491	557.064	  2.487	362.362	  1.618
     225	358.588	  1.594	340.705	  1.514	546.450	  2.429	349.587	  1.554
     226	358.367	  1.586	341.417	  1.511	550.661	  2.437	360.304	  1.594
     227	358.490	  1.579	340.878	  1.502	551.554	  2.430	353.609	  1.558
     228	358.498	  1.572	341.220	  1.497	550.386	  2.414	360.946	  1.583
     229	359.846	  1.571	339.287	  1.482	550.178	  2.403	362.234	  1.582
     230	359.144	  1.561	339.163	  1.475	562.010	  2.444	364.476	  1.585
     231	359.615	  1.557	338.955	  1.467	562.152	  2.434	364.985	  1.580
     232	359.468	  1.549	338.867	  1.461	562.011	  2.422	365.458	  1.575
     233	362.769	  1.557	341.004	  1.464	558.267	  2.396	364.932	  1.566
     234	362.776	  1.550	340.914	  1.457	562.679	  2.405	362.442	  1.549
     235	362.607	  1.543	341.301	  1.452	562.758	  2.395	350.243	  1.490
     236	362.017	  1.534	341.301	  1.446	562.766	  2.385	367.021	  1.555
     237	363.676	  1.534	335.641	  1.416	560.447	  2.365	356.920	  1.506
     238	363.692	  1.528	336.324	  1.413	582.040	  2.446	439.270	  1.846
     239	364.166	  1.524	336.287	  1.407	583.568	  2.442	358.015	  1.498
     240	363.351	  1.514	336.242	  1.401	582.370	  2.427	440.076	  1.834
     241	366.507	  1.521	341.208	  1.416	575.266	  2.387	324.557	  1.347
     242	366.574	  1.515	340.971	  1.409	580.793	  2.400	374.950	  1.549
     243	366.486	  1.508	341.174	  1.404	580.796	  2.390	372.292	  1.532
     244	366.795	  1.503	341.117	  1.398	580.946	  2.381	367.781	  1.507
     245	367.213	  1.499	338.915	  1.383	580.203	  2.368	368.610	  1.505
     246	367.248	  1.493	339.062	  1.378	594.224	  2.416	362.299	  1.473
     247	367.229	  1.487	339.120	  1.373	593.420	  2.403	371.006	  1.502
     248	367.164	  1.480	339.046	  1.367	594.295	  2.396	360.404	  1.453
     249	370.376	  1.487	341.206	  1.370	589.389	  2.367	373.449	  1.500
     250	370.014	  1.480	341.233	  1.365	593.185	  2.373	417.731	  1.671
     251	370.086	  1.474	341.053	  1.359	593.810	  2.366	331.159	  1.319
     252	370.409	  1.470	341.260	  1.354	593.087	  2.354	372.738	  1.479
     253	371.070	  1.467	385.594	  1.524	620.848	  2.454	333.274	  1.317
     254	371.267	  1.462	347.311	  1.367	611.235	  2.406	333.293	  1.312
     255	371.858	  1.458	389.055	  1.526	610.044	  2.392	333.794	  1.309
     256	371.710	  1.452	343.970	  1.344	610.868	  2.386	333.135	  1.301
     257	408.168	  1.588	381.592	  1.485	609.400	  2.371	362.268	  1.410
     258	405.032	  1.570	387.557	  1.502	609.268	  2.362	361.107	  1.400
     259	405.671	  1.566	405.844	  1.567	610.184	  2.356	360.907	  1.393
     260	405.575	  1.560	372.080	  1.431	608.768	  2.341	360.790	  1.388
     261	377.789	  1.447	414.125	  1.587	604.364	  2.316	336.506	  1.289
     262	377.395	  1.440	358.423	  1.368	631.103	  2.409	382.919	  1.462
     263	377.505	  1.435	358.393	  1.363	620.334	  2.359	336.203	  1.278
     264	378.022	  1.432	358.516	  1.358	621.909	  2.356	335.265	  1.270
     265	410.659	  1.550	403.854	  1.524	616.181	  2.325	363.897	  1.373
     266	409.006	  1.538	412.811	  1.552	623.339	  2.343	362.899	  1.364
     267	410.108	  1.536	381.450	  1.429	624.022	  2.337	362.858	  1.359
     268	410.293	  1.531	388.193	  1.448	623.526	  2.327	363.261	  1.355
     269	381.186	  1.417	357.914	  1.331	634.425	  2.358	343.866	  1.278
     270	382.056	  1.415	356.885	  1.322	640.369	  2.372	343.388	  1.272
     271	382.038	  1.410	357.187	  1.318	638.529	  2.356	375.261	  1.385
     272	381.813	  1.404	357.335	  1.314	634.669	  2.333	382.974	  1.408
     273	410.369	  1.503	432.776	  1.585	631.961	  2.315	365.525	  1.339
     274	409.711	  1.495	362.907	  1.324	633.617	  2.312	365.642	  1.334
     275	409.664	  1.490	426.625	  1.551	632.778	  2.301	365.400	  1.329
     276	410.335	  1.487	379.921	  1.377	633.287	  2.295	364.967	  1.322
     277	408.949	  1.476	359.003	  1.296	632.765	  2.284	347.625	  1.255
     278	385.062	  1.385	358.894	  1.291	643.255	  2.314	347.722	  1.251
     279	384.860	  1.379	358.838	  1.286	643.343	  2.306	347.737	  1.246
     280	384.807	  1.374	358.689	  1.281	643.675	  2.299	348.033	  1.243
     281	421.184	  1.499	415.423	  1.478	642.048	  2.285	368.101	  1.310
     282	413.705	  1.467	444.808	  1.577	642.267	  2.278	367.765	  1.304
     283	413.154	  1.460	431.293	  1.524	642.684	  2.271	367.459	  1.298
     284	415.514	  1.463	412.514	  1.453	642.283	  2.262	367.285	  1.293
     285	387.583	  1.360	420.143	  1.474	644.379	  2.261	351.723	  1.234
     286	388.652	  1.359	438.119	  1.532	664.665	  2.324	350.711	  1.226
     287	388.632	  1.354	423.716	  1.476	664.830	  2.316	409.608	  1.427
     288	388.693	  1.350	430.408	  1.494	665.224	  2.310	410.775	  1.426
     289	413.768	  1.432	448.268	  1.551	647.880	  2.242	369.517	  1.279
     290	412.940	  1.424	446.110	  1.538	664.323	  2.291	369.464	  1.274
     291	410.744	  1.411	462.668	  1.590	652.214	  2.241	369.274	  1.269
     292	411.421	  1.409	465.758	  1.595	663.860	  2.273	369.404	  1.265
     293	396.970	  1.355	455.257	  1.554	664.225	  2.267	354.353	  1.209
     294	395.155	  1.344	459.712	  1.564	676.086	  2.300	353.598	  1.203
     295	395.324	  1.340	450.484	  1.527	676.146	  2.292	353.967	  1.200
     296	395.131	  1.335	479.255	  1.619	674.137	  2.277	353.378	  1.194
     297	423.891	  1.427	472.780	  1.592	669.804	  2.255	385.714	  1.299
     298	419.739	  1.409	487.953	  1.637	675.286	  2.266	381.767	  1.281
     299	420.680	  1.407	459.453	  1.537	675.811	  2.260	380.950	  1.274
     300	403.368	  1.345	455.948	  1.520	675.567	  2.252	381.656	  1.272
     301	398.462	  1.324	479.433	  1.593	669.820	  2.225	467.189	  1.552
     302	398.678	  1.320	496.874	  1.645	690.587	  2.287	406.823	  1.347
     303	398.692	  1.316	493.447	  1.629	690.320	  2.278	464.238	  1.532
     304	398.860	  1.312	498.924	  1.641	689.855	  2.269	407.303	  1.340
     305	425.845	  1.396	490.770	  1.609	683.792	  2.242	382.969	  1.256
     306	421.445	  1.377	478.460	  1.564	689.610	  2.254	381.829	  1.248
     307	421.135	  1.372	470.217	  1.532	689.615	  2.246	381.962	  1.244
     308	406.111	  1.319	471.614	  1.531	690.510	  2.242	382.006	  1.240
     309	423.792	  1.371	483.694	  1.565	690.563	  2.235	365.565	  1.183
     310	401.085	  1.294	476.439	  1.537	749.896	  2.419	365.377	  1.179
     311	401.654	  1.291	468.804	  1.507	757.908	  2.437	365.076	  1.174
     312	401.900	  1.288	478.803	  1.535	710.138	  2.276	365.232	  1.171
     313	428.033	  1.368	494.094	  1.579	696.802	  2.226	385.113	  1.230
     314	425.580	  1.355	506.914	  1.614	713.028	  2.271	384.197	  1.224
     315	425.014	  1.349	484.543	  1.538	753.096	  2.391	382.249	  1.213
     316	425.754	  1.347	492.822	  1.560	713.031	  2.256	388.737	  1.230
     317	404.851	  1.277	639.243	  2.017	747.549	  2.358	365.446	  1.153
     318	405.085	  1.274	628.081	  1.975	750.445	  2.360	366.228	  1.152
     319	404.420	  1.268	597.930	  1.874	748.300	  2.346	366.363	  1.148
     320	405.043	  1.266	633.833	  1.981	749.321	  2.342	365.499	  1.142
     321	425.240	  1.325	541.063	  1.686	714.240	  2.225	385.235	  1.200
     322	420.632	  1.306	546.219	  1.696	715.309	  2.221	384.087	  1.193
     323	424.442	  1.314	528.439	  1.636	715.351	  2.215	384.148	  1.189
     324	435.200	  1.343	532.645	  1.644	759.925	  2.345	384.537	  1.187
     325	424.189	  1.305	538.629	  1.657	764.911	  2.354	370.177	  1.139
     326	411.939	  1.264	508.180	  1.559	759.390	  2.329	370.609	  1.137
     327	412.576	  1.262	566.183	  1.731	757.710	  2.317	369.908	  1.131
     328	412.736	  1.258	532.393	  1.623	755.883	  2.305	369.897	  1.128
     329	427.530	  1.299	564.581	  1.716	756.765	  2.300	387.134	  1.177
     330	422.295	  1.280	559.584	  1.696	760.564	  2.305	386.251	  1.170
     331	425.738	  1.286	561.809	  1.697	760.390	  2.297	386.894	  1.169
     332	425.477	  1.282	562.834	  1.695	761.899	  2.295	386.562	  1.164
     333	414.698	  1.245	598.918	  1.799	758.651	  2.278	371.917	  1.117
     334	415.881	  1.245	593.735	  1.778	739.511	  2.214	372.711	  1.116
     335	416.096	  1.242	592.394	  1.768	739.377	  2.207	372.843	  1.113
     336	415.398	  1.236	565.829	  1.684	739.546	  2.201	372.653	  1.109
     337	428.773	  1.272	551.386	  1.636	737.536	  2.189	387.581	  1.150
     338	423.559	  1.253	565.035	  1.672	739.660	  2.188	387.577	  1.147
     339	423.526	  1.249	566.036	  1.670	739.335	  2.181	387.856	  1.144
     340	422.985	  1.244	573.204	  1.686	739.742	  2.176	387.712	  1.140
     341	429.039	  1.258	771.994	  2.264	739.922	  2.170	381.855	  1.120
     342	418.655	  1.224	725.977	  2.123	746.213	  2.182	381.823	  1.116
     343	417.887	  1.218	766.733	  2.235	746.507	  2.176	381.578	  1.112
     344	419.031	  1.218	838.167	  2.437	746.018	  2.169	381.066	  1.108
     345	429.303	  1.244	583.172	  1.690	744.255	  2.157	389.463	  1.129
     346	425.469	  1.230	616.485	  1.782	747.421	  2.160	388.787	  1.124
     347	424.261	  1.223	602.667	  1.737	747.084	  2.153	388.885	  1.121
     348	424.368	  1.219	565.103	  1.624	747.540	  2.148	388.727	  1.117
     349	462.992	  1.327	822.693	  2.357	775.206	  2.221	384.459	  1.102
     350	424.104	  1.212	778.957	  2.226	769.183	  2.198	383.654	  1.096
     351	421.086	  1.200	865.038	  2.464	769.946	  2.194	383.923	  1.094
     352	420.974	  1.196	872.259	  2.478	769.617	  2.186	383.803	  1.090
     353	430.058	  1.218	907.686	  2.571	761.360	  2.157	392.446	  1.112
     354	427.744	  1.208	864.391	  2.442	765.557	  2.163	392.148	  1.108
     355	426.047	  1.200	880.339	  2.480	765.133	  2.155	391.804	  1.104
     356	427.126	  1.200	853.889	  2.399	764.605	  2.148	386.232	  1.085
     357	429.384	  1.203	981.200	  2.748	764.818	  2.142	388.220	  1.087
     358	429.837	  1.201	1244.782	  3.477	777.420	  2.172	388.060	  1.084
     359	429.119	  1.195	843.355	  2.349	777.971	  2.167	387.653	  1.080
     360	429.299	  1.192	884.987	  2.458	776.350	  2.157	388.119	  1.078
     361	451.013	  1.249	1267.089	  3.510	772.516	  2.140	401.408	  1.112
     362	448.503	  1.239	1182.469	  3.266	782.545	  2.162	400.096	  1.105
     363	448.200	  1.235	1222.944	  3.369	778.638	  2.145	400.129	  1.102
     364	447.956	  1.231	1117.432	  3.070	783.373	  2.152	401.178	  1.102
     365	431.782	  1.183	1119.932	  3.068	771.051	  2.112	396.788	  1.087
     366	433.215	  1.184	1162.752	  3.177	802.316	  2.192	396.548	  1.083
     367	433.041	  1.180	970.530	  2.644	804.067	  2.191	396.273	  1.080
     368	432.692	  1.176	958.907	  2.606	801.981	  2.179	395.969	  1.076
     369	453.588	  1.229	1206.175	  3.269	794.472	  2.153	404.290	  1.096
     370	450.041	  1.216	1181.952	  3.194	800.286	  2.163	403.530	  1.091
     371	450.591	  1.215	1201.173	  3.238	801.383	  2.160	403.250	  1.087
     372	451.006	  1.212	1182.908	  3.180	800.540	  2.152	403.709	  1.085
     373	452.387	  1.213	1183.751	  3.174	799.228	  2.143	399.496	  1.071
     374	435.434	  1.164	1245.418	  3.330	886.951	  2.372	400.012	  1.070
     375	435.432	  1.161	1115.378	  2.974	811.476	  2.164	400.012	  1.067
     376	435.658	  1.159	1181.103	  3.141	811.442	  2.158	400.503	  1.065
     377	455.601	  1.208	1180.609	  3.132	810.542	  2.150	413.547	  1.097
     378	453.476	  1.200	1117.149	  2.955	812.147	  2.149	412.531	  1.091
     379	451.900	  1.192	1205.235	  3.180	877.087	  2.314	412.343	  1.088
     380	452.091	  1.190	1248.490	  3.285	812.205	  2.137	413.085	  1.087
     381	438.518	  1.151	989.643	  2.597	863.126	  2.265	403.326	  1.059
     382	439.060	  1.149	1223.747	  3.204	833.431	  2.182	411.597	  1.077
     383	438.574	  1.145	965.717	  2.521	833.675	  2.177	403.071	  1.052
     384	448.518	  1.168	1181.311	  3.076	833.428	  2.170	403.755	  1.051
     385	450.640	  1.170	1245.048	  3.234	889.363	  2.310	402.309	  1.045
     386	445.961	  1.155	1203.731	  3.118	877.091	  2.272	402.048	  1.042
     387	443.638	  1.146	1244.952	  3.217	881.357	  2.277	402.737	  1.041
     388	443.280	  1.142	1264.682	  3.259	879.788	  2.267	385.491	  0.994
     389	455.072	  1.170	1161.524	  2.986	882.966	  2.270	404.117	  1.039
     390	447.517	  1.147	1244.759	  3.192	883.159	  2.265	404.144	  1.036
     391	446.801	  1.143	1226.062	  3.136	892.302	  2.282	404.473	  1.034
     392	446.968	  1.140	1245.091	  3.176	837.575	  2.137	404.707	  1.032
     393	451.633	  1.149	1225.345	  3.118	893.609	  2.274	412.655	  1.050
     394	449.476	  1.141	1182.509	  3.001	837.457	  2.126	405.457	  1.029
     395	429.083	  1.086	1223.032	  3.096	896.478	  2.270	405.733	  1.027
     396	429.609	  1.085	1182.188	  2.985	892.351	  2.253	405.040	  1.023
     397	433.288	  1.091	1263.531	  3.183	880.119	  2.217	415.309	  1.046
     398	450.286	  1.131	1181.934	  2.970	851.569	  2.140	414.700	  1.042
     399	450.247	  1.128	1307.772	  3.278	852.105	  2.136	414.510	  1.039
     400	450.033	  1.125	1063.821	  2.660	853.009	  2.133	414.377	  1.036
     401	455.352	  1.136	1265.952	  3.157	846.191	  2.110	407.802	  1.017
     402	432.446	  1.076	1245.833	  3.099	904.754	  2.251	407.500	  1.014
     403	451.192	  1.120	1223.206	  3.035	850.344	  2.110	408.202	  1.013
     404	450.870	  1.116	1245.716	  3.083	849.176	  2.102	407.501	  1.009
     405	459.847	  1.135	1245.352	  3.075	848.635	  2.095	417.797	  1.032
     406	452.920	  1.116	1226.882	  3.022	858.691	  2.115	417.810	  1.029
     407	452.235	  1.111	1265.250	  3.109	858.440	  2.109	417.998	  1.027
     408	453.340	  1.111	1138.317	  2.790	860.566	  2.109	417.817	  1.024
     409	455.790	  1.114	1246.902	  3.049	854.877	  2.090	394.007	  0.963
     410	453.301	  1.106	1180.216	  2.879	861.184	  2.100	394.962	  0.963
     411	452.798	  1.102	1224.722	  2.980	858.718	  2.089	394.383	  0.960
     412	452.791	  1.099	1182.775	  2.871	860.594	  2.089	394.872	  0.958
     413	454.934	  1.102	1159.923	  2.809	843.522	  2.042	420.569	  1.018
     414	454.513	  1.098	1244.351	  3.006	886.514	  2.141	418.914	  1.012
     415	455.048	  1.097	1310.896	  3.159	887.809	  2.139	419.019	  1.010
     416	454.424	  1.092	1225.407	  2.946	887.414	  2.133	418.273	  1.005
     417	460.360	  1.104	1223.375	  2.934	869.293	  2.085	399.548	  0.958
     418	459.231	  1.099	1267.545	  3.032	884.482	  2.116	398.804	  0.954
     419	459.035	  1.096	1224.106	  2.921	887.047	  2.117	433.478	  1.035
     420	457.193	  1.089	1246.351	  2.968	884.141	  2.105	401.767	  0.957
     421	465.001	  1.105	1227.104	  2.915	886.232	  2.105	422.233	  1.003
     422	464.803	  1.101	1308.187	  3.100	896.045	  2.123	425.998	  1.009
     423	463.998	  1.097	1162.485	  2.748	894.094	  2.114	432.354	  1.022
     424	464.259	  1.095	1182.754	  2.790	894.510	  2.110	422.442	  0.996
     425	480.727	  1.131	1160.289	  2.730	893.010	  2.101	416.834	  0.981
     426	478.288	  1.123	1117.429	  2.623	896.542	  2.105	420.693	  0.988
     427	477.932	  1.119	1164.884	  2.728	897.423	  2.102	421.311	  0.987
     428	477.670	  1.116	1246.402	  2.912	894.665	  2.090	421.128	  0.984
     429	523.788	  1.221	1247.296	  2.907	893.347	  2.082	435.258	  1.015
     430	478.694	  1.113	1309.604	  3.046	909.212	  2.114	433.954	  1.009
     431	479.736	  1.113	1885.029	  4.374	908.485	  2.108	434.071	  1.007
     432	467.133	  1.081	1245.015	  2.882	908.550	  2.103	433.933	  1.004
     433	484.737	  1.119	1226.192	  2.832	903.828	  2.087	443.858	  1.025
     434	482.890	  1.113	1266.652	  2.919	909.230	  2.095	443.281	  1.021
     435	483.145	  1.111	1244.035	  2.860	908.186	  2.088	442.984	  1.018
     436	483.090	  1.108	1246.475	  2.859	908.616	  2.084	444.268	  1.019
     437	482.170	  1.103	1245.557	  2.850	909.057	  2.080	434.330	  0.994
     438	482.010	  1.100	1143.164	  2.610	982.367	  2.243	433.276	  0.989
     439	484.122	  1.103	1244.610	  2.835	985.497	  2.245	434.424	  0.990
     440	483.138	  1.098	1200.414	  2.728	990.528	  2.251	434.344	  0.987
     441	492.882	  1.118	1245.787	  2.825	982.650	  2.228	447.940	  1.016
     442	488.491	  1.105	1202.850	  2.721	935.538	  2.117	446.481	  1.010
     443	487.415	  1.100	1245.745	  2.812	992.133	  2.240	447.124	  1.009
     444	488.172	  1.099	1542.760	  3.475	935.580	  2.107	446.659	  1.006
     445	500.583	  1.125	1544.399	  3.471	938.272	  2.108	435.671	  0.979
     446	497.251	  1.115	1573.169	  3.527	991.856	  2.224	435.475	  0.976
     447	495.741	  1.109	1306.907	  2.924	1000.799	  2.239	452.759	  1.013
     448	500.373	  1.117	1541.721	  3.441	1000.802	  2.234	444.188	  0.991
     449	477.815	  1.064	1553.886	  3.461	937.367	  2.088	429.115	  0.956
     450	477.893	  1.062	1309.752	  2.911	938.952	  2.087	428.756	  0.953
     451	478.050	  1.060	1250.420	  2.773	939.663	  2.084	429.127	  0.952
     452	477.019	  1.055	1594.184	  3.527	938.530	  2.076	428.562	  0.948
     453	491.907	  1.086	1533.257	  3.385	938.483	  2.072	452.892	  1.000
     454	491.855	  1.083	1208.430	  2.662	941.896	  2.075	452.487	  0.997
     455	491.446	  1.080	1628.733	  3.580	941.628	  2.070	444.427	  0.977
     456	492.581	  1.080	1600.359	  3.510	943.350	  2.069	453.679	  0.995
     457	483.608	  1.058	1553.247	  3.399	941.154	  2.059	434.450	  0.951
     458	478.501	  1.045	1208.723	  2.639	963.757	  2.104	435.088	  0.950
     459	478.540	  1.043	1558.751	  3.396	964.385	  2.101	434.760	  0.947
     460	478.381	  1.040	1499.036	  3.259	967.363	  2.103	435.529	  0.947
     461	495.765	  1.075	2237.569	  4.854	1002.801	  2.175	470.385	  1.020
     462	496.320	  1.074	1973.838	  4.272	976.721	  2.114	450.192	  0.974
     463	495.385	  1.070	1886.526	  4.075	976.471	  2.109	449.137	  0.970
     464	495.153	  1.067	1593.344	  3.434	975.449	  2.102	450.351	  0.971
     465	492.938	  1.060	1528.440	  3.287	969.802	  2.086	436.068	  0.938
     466	491.427	  1.055	1935.843	  4.154	970.657	  2.083	436.415	  0.937
     467	484.246	  1.037	1557.714	  3.336	974.136	  2.086	436.252	  0.934
     468	486.510	  1.040	2235.933	  4.778	968.114	  2.069	436.122	  0.932
     469	506.814	  1.081	2236.007	  4.768	970.222	  2.069	452.815	  0.965
     470	507.233	  1.079	2236.808	  4.759	984.604	  2.095	457.155	  0.973
     471	520.612	  1.105	2233.912	  4.743	986.003	  2.093	468.569	  0.995
     472	506.925	  1.074	2241.651	  4.749	984.334	  2.085	474.022	  1.004
     473	506.389	  1.071	2237.753	  4.731	973.978	  2.059	447.357	  0.946
     474	494.283	  1.043	1931.568	  4.075	980.773	  2.069	448.108	  0.945
     475	504.628	  1.062	1857.187	  3.910	980.632	  2.064	448.388	  0.944
     476	494.512	  1.039	1887.571	  3.965	979.536	  2.058	448.198	  0.942
     477	503.822	  1.056	1990.264	  4.172	959.243	  2.011	494.182	  1.036
     478	524.121	  1.096	2239.264	  4.685	1001.011	  2.094	472.757	  0.989
     479	527.274	  1.101	2239.649	  4.676	1002.250	  2.092	470.992	  0.983
     480	523.491	  1.091	1976.315	  4.117	1001.799	  2.087	452.554	  0.943
     481	510.663	  1.062	2237.346	  4.651	986.579	  2.051	455.396	  0.947
     482	494.211	  1.025	2237.209	  4.642	995.807	  2.066	454.187	  0.942
     483	492.667	  1.020	2240.045	  4.638	997.305	  2.065	468.210	  0.969
     484	493.273	  1.019	2240.044	  4.628	993.886	  2.053	456.179	  0.943
     485	523.207	  1.079	2233.897	  4.606	993.599	  2.049	493.656	  1.018
     486	522.203	  1.074	2239.564	  4.608	1011.713	  2.082	488.448	  1.005
     487	521.927	  1.072	2232.239	  4.584	1011.727	  2.077	492.973	  1.012
     488	521.750	  1.069	2240.573	  4.591	1012.313	  2.074	483.391	  0.991
     489	520.891	  1.065	1994.723	  4.079	1009.838	  2.065	494.835	  1.012
     490	519.284	  1.060	2235.399	  4.562	1014.804	  2.071	498.440	  1.017
     491	518.492	  1.056	2237.592	  4.557	1013.947	  2.065	493.993	  1.006
     492	519.242	  1.055	2240.912	  4.555	1015.980	  2.065	491.227	  0.998
     493	529.186	  1.073	2228.862	  4.521	1010.615	  2.050	679.617	  1.379
     494	529.187	  1.071	2238.935	  4.532	1050.234	  2.126	487.335	  0.987
     495	529.586	  1.070	2243.997	  4.533	1051.377	  2.124	486.208	  0.982
     496	528.398	  1.065	2239.179	  4.514	1049.944	  2.117	488.052	  0.984
     497	523.471	  1.053	2241.804	  4.511	1051.300	  2.115	488.555	  0.983
     498	522.140	  1.048	2241.565	  4.501	1025.364	  2.059	494.485	  0.993
     499	521.967	  1.046	1996.791	  4.002	1053.782	  2.112	491.921	  0.986
     500	522.814	  1.046	2233.338	  4.467	1052.899	  2.106	492.472	  0.985
     501	529.760	  1.057	2233.235	  4.458	1054.099	  2.104	678.834	  1.355
     502	530.620	  1.057	2236.823	  4.456	1054.463	  2.101	486.709	  0.970
     503	530.700	  1.055	2237.676	  4.449	1053.964	  2.095	492.203	  0.979
     504	530.347	  1.052	2234.699	  4.434	1052.714	  2.089	677.125	  1.344
     505	525.830	  1.041	2240.834	  4.437	1053.506	  2.086	498.460	  0.987
     506	525.010	  1.038	2240.959	  4.429	1103.087	  2.180	497.778	  0.984
     507	524.234	  1.034	2237.097	  4.412	1100.594	  2.171	497.904	  0.982
     508	524.288	  1.032	2240.358	  4.410	1104.372	  2.174	498.110	  0.981
     509	532.430	  1.046	2239.276	  4.399	1099.937	  2.161	525.509	  1.032
     510	549.789	  1.078	2236.604	  4.385	1102.511	  2.162	504.342	  0.989
     511	548.855	  1.074	2235.906	  4.376	1099.497	  2.152	524.751	  1.027
     512	549.327	  1.073	2237.204	  4.370	1101.901	  2.152	525.016	  1.025
