Memcpy test:
start	1024
end	16384
incr	1024
ntry	20000
STATS	start	bytes=1024	func=memcpy
STATS	   992	  1023	     1	  1023.0
STATS	  1088	  1151	     1	  1120.0
STATS	  1536	  1599	     1	  1584.0
STATS	  1664	  1727	     2	  1702.0
STATS	  1728	  1791	     3	  1781.0
STATS	  1792	  1855	    39	  1826.0
STATS	  1856	  1919	  6954	  1885.0
STATS	  1920	  1983	  1748	  1946.0
STATS	  1984	  2047	   753	  2015.0
STATS	  2048	  2175	  1766	  2138.0
STATS	  2176	  2303	  3288	  2222.0
STATS	  2304	  2431	   694	  2361.0
STATS	  2432	  2559	  1133	  2491.0
STATS	  2560	  2687	   467	  2615.0
STATS	  2688	  2815	   518	  2769.0
STATS	  2816	  2943	   818	  2855.0
STATS	  2944	  3071	   140	  3006.0
STATS	  3072	  3199	   968	  3136.0
STATS	  3200	  3327	    93	  3261.0
STATS	  3328	  3455	   255	  3381.0
STATS	  3456	  3583	     6	  3499.0
STATS	  3584	  3711	     1	  3611.0
STATS	  3712	  3839	     2	  3775.0
STATS	  4096	  4351	     4	  4199.0
STATS	  4352	  4607	     4	  4551.0
STATS	  4608	  4863	    52	  4714.0
STATS	  4864	  5119	    46	  4973.0
STATS	  5120	  5375	    41	  5284.0
STATS	  5376	  5631	    26	  5528.0
STATS	  5632	  5887	    25	  5769.0
STATS	  5888	  6143	    18	  5967.0
STATS	  6144	  6399	     7	  6246.0
STATS	  6400	  6655	     4	  6558.0
STATS	  6656	  6911	     4	  6773.0
STATS	  6912	  7167	     8	  7023.0
STATS	  7168	  7423	     7	  7306.0
STATS	  7424	  7679	     1	  7655.0
STATS	  7680	  7935	     1	  7742.0
STATS	  7936	  8191	     2	  7983.0
STATS	  8704	  9215	     3	  8865.0
STATS	  9216	  9727	     5	  9677.0
STATS	  9728	 10239	    31	 10025.0
STATS	 10240	 10751	    32	 10498.0
STATS	 10752	 11263	    10	 10943.0
STATS	 11264	 11775	     4	 11559.0
STATS	 11776	 12287	     4	 11952.0
STATS	 12288	 12799	     2	 12447.0
STATS	 12800	 13311	     3	 13046.0
STATS	 13824	 14335	     1	 14278.0
STATS	 14336	 14847	     1	 14723.0
STATS	 14848	 15359	     1	 14937.0
STATS	 27648	 28671	     1	 28659.0
STATS	1638400	1703935	     1	1669470.0
STATS	mode	0	6954	  1885.0
STATS	mode	1	3288	  2222.0
STATS	mode	2	1766	  2138.0
STATS	mode_avg	  2014.5
STATS	summary	memcpy	1024	     2.0
STATS	start	bytes=1024	func=libc586
STATS	  1728	  1791	     6	  1772.0
STATS	  1792	  1855	  3255	  1836.0
STATS	  1856	  1919	  4906	  1880.0
STATS	  1920	  1983	  1183	  1943.0
STATS	  1984	  2047	   579	  2014.0
STATS	  2048	  2175	  2313	  2133.0
STATS	  2176	  2303	  2960	  2213.0
STATS	  2304	  2431	   721	  2368.0
STATS	  2432	  2559	   988	  2484.0
STATS	  2560	  2687	   382	  2615.0
STATS	  2688	  2815	   739	  2773.0
STATS	  2816	  2943	   407	  2854.0
STATS	  2944	  3071	   228	  3020.0
STATS	  3072	  3199	   819	  3117.0
STATS	  3200	  3327	   125	  3263.0
STATS	  3328	  3455	   291	  3362.0
STATS	  3456	  3583	     4	  3469.0
STATS	  4352	  4607	     1	  4369.0
STATS	  4608	  4863	     1	  4818.0
STATS	  4864	  5119	     1	  4888.0
STATS	  9216	  9727	     7	  9542.0
STATS	  9728	 10239	    37	  9986.0
STATS	 10240	 10751	    27	 10520.0
STATS	 10752	 11263	    11	 11040.0
STATS	 11264	 11775	     6	 11481.0
STATS	 11776	 12287	     1	 11848.0
STATS	 13312	 13823	     1	 13521.0
STATS	 15872	 16383	     1	 16145.0
STATS	mode	0	4906	  1880.0
STATS	mode	1	3255	  1836.0
STATS	mode	2	2960	  2213.0
STATS	mode_avg	  1955.8
STATS	summary	libc586	1024	     1.9
STATS	start	bytes=1024	func=lx64
STATS	  1280	  1343	     1	  1322.0
STATS	  1344	  1407	  6762	  1386.0
STATS	  1408	  1471	   992	  1428.0
STATS	  1472	  1535	   210	  1499.0
STATS	  1536	  1599	  1101	  1586.0
STATS	  1600	  1663	  1196	  1631.0
STATS	  1664	  1727	  1493	  1700.0
STATS	  1728	  1791	  2109	  1750.0
STATS	  1792	  1855	   786	  1834.0
STATS	  1856	  1919	   521	  1889.0
STATS	  1920	  1983	   368	  1947.0
STATS	  1984	  2047	   451	  2018.0
STATS	  2048	  2175	   944	  2101.0
STATS	  2176	  2303	  1046	  2244.0
STATS	  2304	  2431	   699	  2367.0
STATS	  2432	  2559	   771	  2492.0
STATS	  2560	  2687	   354	  2616.0
STATS	  2688	  2815	   109	  2739.0
STATS	  2816	  2943	    15	  2851.0
STATS	  2944	  3071	     1	  2994.0
STATS	  3072	  3199	     1	  3177.0
STATS	  3200	  3327	     2	  3259.0
STATS	  3584	  3711	     1	  3635.0
STATS	  3712	  3839	     1	  3812.0
STATS	  4096	  4351	     1	  4350.0
STATS	  9216	  9727	    12	  9497.0
STATS	  9728	 10239	    21	  9939.0
STATS	 10240	 10751	    13	 10442.0
STATS	 10752	 11263	    15	 10896.0
STATS	 11264	 11775	     2	 11561.0
STATS	 11776	 12287	     1	 11957.0
STATS	 27648	 28671	     1	 28250.0
STATS	mode	0	6762	  1386.0
STATS	mode	1	2109	  1750.0
STATS	mode	2	1493	  1700.0
STATS	mode_avg	  1505.3
STATS	summary	lx64	1024	     1.5
STATS	start	bytes=1024	func=lx64si0
STATS	  1280	  1343	    21	  1332.0
STATS	  1344	  1407	  6978	  1386.0
STATS	  1408	  1471	  1323	  1442.0
STATS	  1472	  1535	  4012	  1509.0
STATS	  1536	  1599	  1508	  1559.0
STATS	  1600	  1663	   617	  1628.0
STATS	  1664	  1727	   283	  1693.0
STATS	  1728	  1791	   250	  1759.0
STATS	  1792	  1855	   313	  1826.0
STATS	  1856	  1919	   344	  1886.0
STATS	  1920	  1983	   297	  1952.0
STATS	  1984	  2047	   393	  2017.0
STATS	  2048	  2175	  1152	  2108.0
STATS	  2176	  2303	   803	  2241.0
STATS	  2304	  2431	   831	  2368.0
STATS	  2432	  2559	   553	  2472.0
STATS	  2560	  2687	   146	  2629.0
STATS	  2688	  2815	    97	  2729.0
STATS	  2816	  2943	    10	  2849.0
STATS	  2944	  3071	     3	  2984.0
STATS	  3072	  3199	     3	  3113.0
STATS	  3840	  3967	     2	  3847.0
STATS	  3968	  4095	     1	  4072.0
STATS	  8704	  9215	     1	  9190.0
STATS	  9216	  9727	    12	  9451.0
STATS	  9728	 10239	    20	 10016.0
STATS	 10240	 10751	    12	 10457.0
STATS	 10752	 11263	     8	 10996.0
STATS	 12288	 12799	     3	 12441.0
STATS	 14336	 14847	     1	 14597.0
STATS	 55296	 57343	     1	 55625.0
STATS	102400	106495	     1	104353.0
STATS	253952	262143	     1	259212.0
STATS	mode	0	6978	  1386.0
STATS	mode	1	4012	  1509.0
STATS	mode	2	1508	  1559.0
STATS	mode_avg	  1446.4
STATS	summary	lx64si0	1024	     1.4
STATS	start	bytes=1024	func=lx128
STATS	  1344	  1407	    57	  1378.0
STATS	  1408	  1471	  5000	  1430.0
STATS	  1472	  1535	  1702	  1528.0
STATS	  1536	  1599	  2457	  1559.0
STATS	  1600	  1663	   941	  1628.0
STATS	  1664	  1727	  2566	  1699.0
STATS	  1728	  1791	   581	  1755.0
STATS	  1792	  1855	  1050	  1840.0
STATS	  1856	  1919	   431	  1885.0
STATS	  1920	  1983	   212	  1951.0
STATS	  1984	  2047	   266	  2014.0
STATS	  2048	  2175	  1022	  2118.0
STATS	  2176	  2303	   868	  2240.0
STATS	  2304	  2431	  1126	  2366.0
STATS	  2432	  2559	   881	  2491.0
STATS	  2560	  2687	   464	  2620.0
STATS	  2688	  2815	   191	  2737.0
STATS	  2816	  2943	   110	  2859.0
STATS	  3200	  3327	     1	  3237.0
STATS	  3840	  3967	     1	  3935.0
STATS	  8704	  9215	     1	  9212.0
STATS	  9216	  9727	    15	  9481.0
STATS	  9728	 10239	    24	 10024.0
STATS	 10240	 10751	    12	 10441.0
STATS	 10752	 11263	    12	 10938.0
STATS	 11264	 11775	     4	 11464.0
STATS	 11776	 12287	     2	 11863.0
STATS	 12288	 12799	     1	 12321.0
STATS	 17408	 18431	     1	 17560.0
STATS	 25600	 26623	     1	 26452.0
STATS	mode	0	5000	  1430.0
STATS	mode	1	2566	  1699.0
STATS	mode	2	2457	  1559.0
STATS	mode_avg	  1530.5
STATS	summary	lx128	1024	     1.5
STATS	start	bytes=2048	func=memcpy
STATS	  3456	  3583	     1	  3581.0
STATS	  3584	  3711	  3806	  3677.0
STATS	  3712	  3839	  1128	  3756.0
STATS	  3840	  3967	   892	  3921.0
STATS	  3968	  4095	  1321	  4035.0
STATS	  4096	  4351	  4373	  4266.0
STATS	  4352	  4607	  2240	  4516.0
STATS	  4608	  4863	  2479	  4670.0
STATS	  4864	  5119	  1425	  4973.0
STATS	  5120	  5375	  1680	  5243.0
STATS	  5376	  5631	   434	  5490.0
STATS	  5632	  5887	    26	  5778.0
STATS	  5888	  6143	     8	  5927.0
STATS	  6144	  6399	     1	  6292.0
STATS	  6400	  6655	     1	  6494.0
STATS	  6656	  6911	     2	  6879.0
STATS	  6912	  7167	     3	  7093.0
STATS	  7168	  7423	     3	  7373.0
STATS	  7680	  7935	     1	  7854.0
STATS	  7936	  8191	     1	  8129.0
STATS	 11264	 11775	     8	 11695.0
STATS	 11776	 12287	    37	 12069.0
STATS	 12288	 12799	    49	 12558.0
STATS	 12800	 13311	    38	 13064.0
STATS	 13312	 13823	    30	 13552.0
STATS	 13824	 14335	     6	 14006.0
STATS	 14336	 14847	     3	 14553.0
STATS	 15360	 15871	     1	 15512.0
STATS	 17408	 18431	     1	 17502.0
STATS	 23552	 24575	     2	 24033.0
STATS	mode	0	4373	  4266.0
STATS	mode	1	3806	  3677.0
STATS	mode	2	2479	  4670.0
STATS	mode_avg	  4149.6
STATS	summary	memcpy	2048	     2.0
STATS	start	bytes=2048	func=libc586
STATS	  3456	  3583	     1	  3581.0
STATS	  3584	  3711	  4304	  3654.0
STATS	  3712	  3839	   758	  3773.0
STATS	  3840	  3967	  1064	  3919.0
STATS	  3968	  4095	  1293	  4031.0
STATS	  4096	  4351	  4308	  4252.0
STATS	  4352	  4607	  2889	  4531.0
STATS	  4608	  4863	  1709	  4683.0
STATS	  4864	  5119	  1402	  4969.0
STATS	  5120	  5375	  1607	  5220.0
STATS	  5376	  5631	   451	  5471.0
STATS	  5632	  5887	    20	  5730.0
STATS	  5888	  6143	     5	  5985.0
STATS	  6144	  6399	     1	  6159.0
STATS	  6400	  6655	     4	  6564.0
STATS	  6656	  6911	     2	  6802.0
STATS	  6912	  7167	     1	  7065.0
STATS	  7168	  7423	     1	  7216.0
STATS	  7680	  7935	     1	  7724.0
STATS	 11264	 11775	    11	 11624.0
STATS	 11776	 12287	    32	 12017.0
STATS	 12288	 12799	    44	 12549.0
STATS	 12800	 13311	    50	 13032.0
STATS	 13312	 13823	    32	 13505.0
STATS	 13824	 14335	     4	 14027.0
STATS	 14336	 14847	     1	 14385.0
STATS	 15360	 15871	     1	 15838.0
STATS	 16384	 17407	     1	 17057.0
STATS	 17408	 18431	     1	 18208.0
STATS	 26624	 27647	     1	 27216.0
STATS	 43008	 45055	     1	 44440.0
STATS	mode	0	4308	  4252.0
STATS	mode	1	4304	  3654.0
STATS	mode	2	2889	  4531.0
STATS	mode_avg	  4098.3
STATS	summary	libc586	2048	     2.0
STATS	start	bytes=2048	func=lx64
STATS	  2560	  2687	     9	  2684.0
STATS	  2688	  2815	  3897	  2745.0
STATS	  2816	  2943	  2188	  2911.0
STATS	  2944	  3071	   765	  2988.0
STATS	  3072	  3199	  1032	  3163.0
STATS	  3200	  3327	   950	  3271.0
STATS	  3328	  3455	  1986	  3389.0
STATS	  3456	  3583	  2539	  3508.0
STATS	  3584	  3711	  1741	  3637.0
STATS	  3712	  3839	  1036	  3775.0
STATS	  3840	  3967	   896	  3902.0
STATS	  3968	  4095	   723	  4028.0
STATS	  4096	  4351	  1627	  4222.0
STATS	  4352	  4607	   457	  4422.0
STATS	  4608	  4863	     9	  4656.0
STATS	  4864	  5119	     1	  4864.0
STATS	  5120	  5375	     4	  5237.0
STATS	  5376	  5631	     1	  5559.0
STATS	  5632	  5887	     2	  5689.0
STATS	  5888	  6143	     1	  6059.0
STATS	  6144	  6399	     1	  6221.0
STATS	 10240	 10751	     1	 10598.0
STATS	 10752	 11263	     6	 11193.0
STATS	 11264	 11775	    30	 11597.0
STATS	 11776	 12287	    44	 12055.0
STATS	 12288	 12799	    27	 12523.0
STATS	 12800	 13311	    19	 13019.0
STATS	 13312	 13823	     6	 13525.0
STATS	 14336	 14847	     1	 14593.0
STATS	 22528	 23551	     1	 23069.0
STATS	mode	0	3897	  2745.0
STATS	mode	1	2539	  3508.0
STATS	mode	2	2188	  2911.0
STATS	mode_avg	  3011.8
STATS	summary	lx64	2048	     1.5
STATS	start	bytes=2048	func=lx64si0
STATS	  2560	  2687	  2339	  2681.0
STATS	  2688	  2815	  3987	  2750.0
STATS	  2816	  2943	  2258	  2894.0
STATS	  2944	  3071	  2019	  2979.0
STATS	  3072	  3199	   679	  3136.0
STATS	  3200	  3327	  1085	  3267.0
STATS	  3328	  3455	  1986	  3397.0
STATS	  3456	  3583	  2244	  3519.0
STATS	  3584	  3711	  1743	  3642.0
STATS	  3712	  3839	   902	  3770.0
STATS	  3840	  3967	   401	  3883.0
STATS	  3968	  4095	   114	  4029.0
STATS	  4096	  4351	   103	  4178.0
STATS	  4352	  4607	     2	  4417.0
STATS	  5120	  5375	     3	  5276.0
STATS	  5376	  5631	     2	  5473.0
STATS	  5632	  5887	     2	  5668.0
STATS	  6144	  6399	     1	  6215.0
STATS	 10240	 10751	     1	 10480.0
STATS	 10752	 11263	     4	 11041.0
STATS	 11264	 11775	    28	 11549.0
STATS	 11776	 12287	    47	 12033.0
STATS	 12288	 12799	    43	 12498.0
STATS	 12800	 13311	     1	 12906.0
STATS	 13312	 13823	     1	 13661.0
STATS	 13824	 14335	     2	 13922.0
STATS	 14848	 15359	     2	 15072.0
STATS	 16384	 17407	     1	 17001.0
STATS	mode	0	3987	  2750.0
STATS	mode	1	2339	  2681.0
STATS	mode	2	2258	  2894.0
STATS	mode_avg	  2769.1
STATS	summary	lx64si0	2048	     1.4
STATS	start	bytes=2048	func=lx128
STATS	  2688	  2815	  3152	  2789.0
STATS	  2816	  2943	   838	  2846.0
STATS	  2944	  3071	  2313	  3026.0
STATS	  3072	  3199	  1562	  3144.0
STATS	  3200	  3327	  1066	  3262.0
STATS	  3328	  3455	  2314	  3413.0
STATS	  3456	  3583	  1756	  3510.0
STATS	  3584	  3711	  1406	  3656.0
STATS	  3712	  3839	   941	  3764.0
STATS	  3840	  3967	  1118	  3905.0
STATS	  3968	  4095	   718	  4029.0
STATS	  4096	  4351	  1876	  4223.0
STATS	  4352	  4607	   745	  4434.0
STATS	  4608	  4863	    47	  4658.0
STATS	  4864	  5119	     2	  4973.0
STATS	  5120	  5375	     2	  5265.0
STATS	  5376	  5631	     2	  5427.0
STATS	  5632	  5887	     1	  5877.0
STATS	  5888	  6143	     1	  6092.0
STATS	 10240	 10751	     1	 10490.0
STATS	 10752	 11263	     9	 11149.0
STATS	 11264	 11775	    29	 11547.0
STATS	 11776	 12287	    37	 12052.0
STATS	 12288	 12799	    33	 12530.0
STATS	 12800	 13311	    26	 13021.0
STATS	 13312	 13823	     4	 13424.0
STATS	 22528	 23551	     1	 23081.0
STATS	mode	0	3152	  2789.0
STATS	mode	1	2314	  3413.0
STATS	mode	2	2313	  3026.0
STATS	mode_avg	  3045.1
STATS	summary	lx128	2048	     1.5
STATS	start	bytes=3072	func=memcpy
STATS	  5376	  5631	  1415	  5503.0
STATS	  5632	  5887	   818	  5759.0
STATS	  5888	  6143	  4928	  6068.0
STATS	  6144	  6399	  2828	  6312.0
STATS	  6400	  6655	  3894	  6451.0
STATS	  6656	  6911	  1055	  6778.0
STATS	  6912	  7167	  1528	  7058.0
STATS	  7168	  7423	  2315	  7336.0
STATS	  7424	  7679	   787	  7571.0
STATS	  7680	  7935	    90	  7754.0
STATS	  7936	  8191	    15	  8031.0
STATS	  8192	  8703	    28	  8481.0
STATS	  8704	  9215	    23	  8894.0
STATS	  9216	  9727	     4	  9454.0
STATS	  9728	 10239	     1	 10216.0
STATS	 10240	 10751	     1	 10504.0
STATS	 11264	 11775	     1	 11353.0
STATS	 13312	 13823	     9	 13627.0
STATS	 13824	 14335	    49	 14125.0
STATS	 14336	 14847	    76	 14565.0
STATS	 14848	 15359	    55	 15074.0
STATS	 15360	 15871	    48	 15603.0
STATS	 15872	 16383	    12	 16105.0
STATS	 16384	 17407	    14	 16816.0
STATS	 17408	 18431	     1	 17754.0
STATS	 19456	 20479	     1	 19902.0
STATS	 20480	 21503	     1	 20537.0
STATS	 24576	 25599	     1	 24835.0
STATS	 28672	 29695	     1	 29514.0
STATS	 45056	 47103	     1	 47040.0
STATS	mode	0	4928	  6068.0
STATS	mode	1	3894	  6451.0
STATS	mode	2	2828	  6312.0
STATS	mode_avg	  6255.2
STATS	summary	memcpy	3072	     2.0
STATS	start	bytes=3072	func=libc586
STATS	  5120	  5375	     2	  5373.0
STATS	  5376	  5631	  1485	  5484.0
STATS	  5632	  5887	   869	  5755.0
STATS	  5888	  6143	  5235	  6048.0
STATS	  6144	  6399	  3753	  6334.0
STATS	  6400	  6655	  2583	  6453.0
STATS	  6656	  6911	   958	  6763.0
STATS	  6912	  7167	  1636	  7041.0
STATS	  7168	  7423	  2352	  7317.0
STATS	  7424	  7679	   746	  7559.0
STATS	  7680	  7935	    52	  7761.0
STATS	  7936	  8191	    19	  8013.0
STATS	  8192	  8703	    20	  8445.0
STATS	  8704	  9215	    18	  8918.0
STATS	  9216	  9727	     2	  9542.0
STATS	  9728	 10239	     1	 10017.0
STATS	 10240	 10751	     3	 10411.0
STATS	 12288	 12799	     1	 12672.0
STATS	 13312	 13823	     9	 13625.0
STATS	 13824	 14335	    75	 14115.0
STATS	 14336	 14847	    69	 14572.0
STATS	 14848	 15359	    49	 15099.0
STATS	 15360	 15871	    28	 15571.0
STATS	 15872	 16383	    17	 16127.0
STATS	 16384	 17407	    11	 16793.0
STATS	 17408	 18431	     3	 17885.0
STATS	 19456	 20479	     2	 20090.0
STATS	 27648	 28671	     1	 27688.0
STATS	 40960	 43007	     1	 42189.0
STATS	mode	0	5235	  6048.0
STATS	mode	1	3753	  6334.0
STATS	mode	2	2583	  6453.0
STATS	mode_avg	  6231.2
STATS	summary	libc586	3072	     2.0
STATS	start	bytes=3072	func=lx64
STATS	  3968	  4095	   781	  4084.0
STATS	  4096	  4351	  2593	  4262.0
STATS	  4352	  4607	  1326	  4454.0
STATS	  4608	  4863	  2230	  4755.0
STATS	  4864	  5119	  4657	  4991.0
STATS	  5120	  5375	  2962	  5222.0
STATS	  5376	  5631	  1221	  5498.0
STATS	  5632	  5887	  1273	  5769.0
STATS	  5888	  6143	  2042	  6030.0
STATS	  6144	  6399	   700	  6221.0
STATS	  6400	  6655	     7	  6495.0
STATS	  6656	  6911	     1	  6716.0
STATS	  6912	  7167	     5	  6969.0
STATS	  7168	  7423	     1	  7331.0
STATS	  7424	  7679	     2	  7505.0
STATS	  7680	  7935	     2	  7804.0
STATS	  8704	  9215	     1	  8741.0
STATS	 12288	 12799	    12	 12581.0
STATS	 12800	 13311	    32	 13084.0
STATS	 13312	 13823	    57	 13594.0
STATS	 13824	 14335	    37	 14072.0
STATS	 14336	 14847	    38	 14572.0
STATS	 14848	 15359	    13	 15015.0
STATS	 15360	 15871	     4	 15551.0
STATS	 15872	 16383	     2	 16134.0
STATS	 25600	 26623	     1	 25837.0
STATS	mode	0	4657	  4991.0
STATS	mode	1	2962	  5222.0
STATS	mode	2	2593	  4262.0
STATS	mode_avg	  4872.9
STATS	summary	lx64	3072	     1.6
STATS	start	bytes=3072	func=lx64si0
STATS	  3840	  3967	   514	  3959.0
STATS	  3968	  4095	  1530	  4029.0
STATS	  4096	  4351	  3499	  4202.0
STATS	  4352	  4607	  2121	  4463.0
STATS	  4608	  4863	  3886	  4760.0
STATS	  4864	  5119	  4359	  4973.0
STATS	  5120	  5375	  2706	  5255.0
STATS	  5376	  5631	  1004	  5472.0
STATS	  5632	  5887	   170	  5705.0
STATS	  5888	  6143	     5	  6034.0
STATS	  6144	  6399	     3	  6293.0
STATS	  6400	  6655	     3	  6536.0
STATS	  6912	  7167	     4	  7029.0
STATS	  7168	  7423	     1	  7229.0
STATS	  7424	  7679	     1	  7461.0
STATS	  7680	  7935	     1	  7930.0
STATS	 11776	 12287	     1	 12128.0
STATS	 12288	 12799	    15	 12588.0
STATS	 12800	 13311	    39	 13055.0
STATS	 13312	 13823	    81	 13554.0
STATS	 13824	 14335	    43	 14040.0
STATS	 14336	 14847	     9	 14554.0
STATS	 14848	 15359	     2	 15137.0
STATS	 15360	 15871	     2	 15847.0
STATS	 27648	 28671	     1	 27704.0
STATS	mode	0	4359	  4973.0
STATS	mode	1	3886	  4760.0
STATS	mode	2	3499	  4202.0
STATS	mode_avg	  4672.8
STATS	summary	lx64si0	3072	     1.5
STATS	start	bytes=3072	func=lx128
STATS	  3968	  4095	    14	  4088.0
STATS	  4096	  4351	  2142	  4279.0
STATS	  4352	  4607	  2075	  4421.0
STATS	  4608	  4863	  1035	  4761.0
STATS	  4864	  5119	  4223	  5003.0
STATS	  5120	  5375	  4614	  5231.0
STATS	  5376	  5631	  1063	  5500.0
STATS	  5632	  5887	  1257	  5752.0
STATS	  5888	  6143	  2432	  6021.0
STATS	  6144	  6399	   908	  6230.0
STATS	  6400	  6655	    16	  6461.0
STATS	  6656	  6911	     4	  6744.0
STATS	  6912	  7167	     1	  6942.0
STATS	  7168	  7423	     1	  7257.0
STATS	  7424	  7679	     1	  7563.0
STATS	  7680	  7935	     2	  7742.0
STATS	  8704	  9215	     2	  8977.0
STATS	 12288	 12799	     8	 12545.0
STATS	 12800	 13311	    31	 13127.0
STATS	 13312	 13823	    56	 13586.0
STATS	 13824	 14335	    50	 14063.0
STATS	 14336	 14847	    38	 14593.0
STATS	 14848	 15359	    18	 15022.0
STATS	 15360	 15871	     3	 15474.0
STATS	 15872	 16383	     3	 15978.0
STATS	 16384	 17407	     1	 16835.0
STATS	 18432	 19455	     1	 19056.0
STATS	 24576	 25599	     1	 24863.0
STATS	mode	0	4614	  5231.0
STATS	mode	1	4223	  5003.0
STATS	mode	2	2432	  6021.0
STATS	mode_avg	  5316.1
STATS	summary	lx128	3072	     1.7
STATS	start	bytes=4096	func=memcpy
STATS	  6912	  7167	     1	  7165.0
STATS	  7168	  7423	   624	  7279.0
STATS	  7424	  7679	   220	  7623.0
STATS	  7680	  7935	  3474	  7868.0
STATS	  7936	  8191	  2591	  8098.0
STATS	  8192	  8703	  6148	  8358.0
STATS	  8704	  9215	  2907	  9038.0
STATS	  9216	  9727	  2247	  9453.0
STATS	  9728	 10239	   919	  9931.0
STATS	 10240	 10751	   445	 10456.0
STATS	 10752	 11263	    64	 10932.0
STATS	 11264	 11775	     5	 11463.0
STATS	 11776	 12287	     2	 12092.0
STATS	 12288	 12799	     1	 12295.0
STATS	 14848	 15359	     3	 15193.0
STATS	 15360	 15871	    14	 15728.0
STATS	 15872	 16383	    68	 16148.0
STATS	 16384	 17407	   130	 16853.0
STATS	 17408	 18431	    91	 17854.0
STATS	 18432	 19455	    35	 18839.0
STATS	 19456	 20479	     5	 19812.0
STATS	 20480	 21503	     1	 21044.0
STATS	 21504	 22527	     3	 21736.0
STATS	 26624	 27647	     1	 27076.0
STATS	 47104	 49151	     1	 47412.0
STATS	mode	0	6148	  8358.0
STATS	mode	1	3474	  7868.0
STATS	mode	2	2907	  9038.0
STATS	mode_avg	  8379.9
STATS	summary	memcpy	4096	     2.0
STATS	start	bytes=4096	func=libc586
STATS	  6912	  7167	     4	  7156.0
STATS	  7168	  7423	   614	  7250.0
STATS	  7424	  7679	   252	  7602.0
STATS	  7680	  7935	  3664	  7848.0
STATS	  7936	  8191	  3837	  8128.0
STATS	  8192	  8703	  4885	  8381.0
STATS	  8704	  9215	  2910	  9034.0
STATS	  9216	  9727	  2225	  9452.0
STATS	  9728	 10239	   748	  9948.0
STATS	 10240	 10751	   461	 10445.0
STATS	 10752	 11263	    47	 10921.0
STATS	 11264	 11775	     4	 11539.0
STATS	 11776	 12287	     3	 12100.0
STATS	 14848	 15359	     5	 15225.0
STATS	 15360	 15871	    21	 15674.0
STATS	 15872	 16383	    71	 16172.0
STATS	 16384	 17407	   142	 16805.0
STATS	 17408	 18431	    72	 17878.0
STATS	 18432	 19455	    26	 18761.0
STATS	 19456	 20479	     4	 19876.0
STATS	 20480	 21503	     3	 21104.0
STATS	 26624	 27647	     1	 27289.0
STATS	 27648	 28671	     1	 27839.0
STATS	mode	0	4885	  8381.0
STATS	mode	1	3837	  8128.0
STATS	mode	2	3664	  7848.0
STATS	mode_avg	  8145.0
STATS	summary	libc586	4096	     2.0
STATS	start	bytes=4096	func=lx64
STATS	  5376	  5631	   497	  5611.0
STATS	  5632	  5887	   918	  5725.0
STATS	  5888	  6143	   788	  6034.0
STATS	  6144	  6399	  4183	  6301.0
STATS	  6400	  6655	  4774	  6510.0
STATS	  6656	  6911	  2705	  6776.0
STATS	  6912	  7167	   956	  6984.0
STATS	  7168	  7423	  1317	  7361.0
STATS	  7424	  7679	  2005	  7517.0
STATS	  7680	  7935	   893	  7827.0
STATS	  7936	  8191	   368	  8026.0
STATS	  8192	  8703	   281	  8414.0
STATS	  8704	  9215	    43	  8851.0
STATS	  9216	  9727	     5	  9397.0
STATS	  9728	 10239	     2	  9881.0
STATS	 13824	 14335	     6	 14150.0
STATS	 14336	 14847	    49	 14653.0
STATS	 14848	 15359	    66	 15102.0
STATS	 15360	 15871	    50	 15589.0
STATS	 15872	 16383	    43	 16164.0
STATS	 16384	 17407	    39	 16858.0
STATS	 17408	 18431	     5	 17750.0
STATS	 18432	 19455	     3	 18870.0
STATS	 19456	 20479	     1	 20029.0
STATS	 20480	 21503	     1	 20672.0
STATS	 26624	 27647	     1	 27293.0
STATS	 90112	 94207	     1	 93044.0
STATS	mode	0	4774	  6510.0
STATS	mode	1	4183	  6301.0
STATS	mode	2	2705	  6776.0
STATS	mode_avg	  6496.7
STATS	summary	lx64	4096	     1.6
STATS	start	bytes=4096	func=lx64si0
STATS	  5120	  5375	    12	  5351.0
STATS	  5376	  5631	  1737	  5485.0
STATS	  5632	  5887	  1119	  5752.0
STATS	  5888	  6143	  3228	  6079.0
STATS	  6144	  6399	  6932	  6274.0
STATS	  6400	  6655	  4122	  6526.0
STATS	  6656	  6911	  2027	  6770.0
STATS	  6912	  7167	   507	  7005.0
STATS	  7168	  7423	    40	  7238.0
STATS	  7424	  7679	     3	  7550.0
STATS	  7680	  7935	     3	  7814.0
STATS	  7936	  8191	     1	  8055.0
STATS	  8192	  8703	     2	  8443.0
STATS	  8704	  9215	     4	  8943.0
STATS	  9216	  9727	     3	  9509.0
STATS	  9728	 10239	     1	  9782.0
STATS	 13312	 13823	     3	 13776.0
STATS	 13824	 14335	    11	 14091.0
STATS	 14336	 14847	    69	 14615.0
STATS	 14848	 15359	   100	 15088.0
STATS	 15360	 15871	    54	 15536.0
STATS	 15872	 16383	    10	 16136.0
STATS	 16384	 17407	     7	 16572.0
STATS	 18432	 19455	     1	 18676.0
STATS	 19456	 20479	     2	 20007.0
STATS	 25600	 26623	     1	 25686.0
STATS	 45056	 47103	     1	 46061.0
STATS	mode	0	6932	  6274.0
STATS	mode	1	4122	  6526.0
STATS	mode	2	3228	  6079.0
STATS	mode_avg	  6302.7
STATS	summary	lx64si0	4096	     1.5
STATS	start	bytes=4096	func=lx128
STATS	  5632	  5887	  1180	  5768.0
STATS	  5888	  6143	   403	  6052.0
STATS	  6144	  6399	  1519	  6297.0
STATS	  6400	  6655	  5854	  6520.0
STATS	  6656	  6911	  3540	  6757.0
STATS	  6912	  7167	  2129	  7033.0
STATS	  7168	  7423	  1266	  7330.0
STATS	  7424	  7679	  1999	  7522.0
STATS	  7680	  7935	   940	  7809.0
STATS	  7936	  8191	   423	  8033.0
STATS	  8192	  8703	   343	  8439.0
STATS	  8704	  9215	   120	  8884.0
STATS	  9216	  9727	     7	  9388.0
STATS	  9728	 10239	     1	 10132.0
STATS	 10240	 10751	     2	 10311.0
STATS	 13312	 13823	     1	 13651.0
STATS	 13824	 14335	     9	 14130.0
STATS	 14336	 14847	    31	 14650.0
STATS	 14848	 15359	    63	 15069.0
STATS	 15360	 15871	    55	 15580.0
STATS	 15872	 16383	    53	 16118.0
STATS	 16384	 17407	    52	 16747.0
STATS	 17408	 18431	     5	 17591.0
STATS	 18432	 19455	     1	 18676.0
STATS	 20480	 21503	     1	 20686.0
STATS	 27648	 28671	     1	 27683.0
STATS	 49152	 51199	     1	 49940.0
STATS	 57344	 59391	     1	 59376.0
STATS	mode	0	5854	  6520.0
STATS	mode	1	3540	  6757.0
STATS	mode	2	2129	  7033.0
STATS	mode_avg	  6687.6
STATS	summary	lx128	4096	     1.6
STATS	start	bytes=5120	func=memcpy
STATS	  8704	  9215	   590	  9077.0
STATS	  9216	  9727	  2119	  9646.0
STATS	  9728	 10239	  4975	  9992.0
STATS	 10240	 10751	  4086	 10496.0
STATS	 10752	 11263	  2816	 11018.0
STATS	 11264	 11775	  2220	 11498.0
STATS	 11776	 12287	  1526	 12007.0
STATS	 12288	 12799	  1002	 12544.0
STATS	 12800	 13311	   219	 12943.0
STATS	 13312	 13823	     3	 13591.0
STATS	 13824	 14335	     2	 13942.0
STATS	 14336	 14847	     2	 14430.0
STATS	 16384	 17407	     7	 17208.0
STATS	 17408	 18431	    99	 18021.0
STATS	 18432	 19455	   166	 18988.0
STATS	 19456	 20479	    97	 19947.0
STATS	 20480	 21503	    56	 20870.0
STATS	 21504	 22527	     6	 21804.0
STATS	 22528	 23551	     2	 22980.0
STATS	 23552	 24575	     3	 24041.0
STATS	 30720	 31743	     2	 31255.0
STATS	 31744	 32767	     1	 32014.0
STATS	 51200	 53247	     1	 51964.0
STATS	mode	0	4975	  9992.0
STATS	mode	1	4086	 10496.0
STATS	mode	2	2816	 11018.0
STATS	mode_avg	 10408.7
STATS	summary	memcpy	5120	     2.0
STATS	start	bytes=5120	func=libc586
STATS	  8704	  9215	   609	  9051.0
STATS	  9216	  9727	  2451	  9630.0
STATS	  9728	 10239	  4855	  9994.0
STATS	 10240	 10751	  3988	 10489.0
STATS	 10752	 11263	  2904	 11006.0
STATS	 11264	 11775	  2059	 11509.0
STATS	 11776	 12287	  1523	 11999.0
STATS	 12288	 12799	  1025	 12543.0
STATS	 12800	 13311	   136	 12940.0
STATS	 13312	 13823	     7	 13516.0
STATS	 13824	 14335	     3	 13995.0
STATS	 14336	 14847	     2	 14387.0
STATS	 15360	 15871	     1	 15690.0
STATS	 16384	 17407	     8	 17150.0
STATS	 17408	 18431	    95	 18084.0
STATS	 18432	 19455	   152	 18917.0
STATS	 19456	 20479	   122	 19910.0
STATS	 20480	 21503	    52	 20944.0
STATS	 21504	 22527	     4	 21947.0
STATS	 23552	 24575	     1	 24112.0
STATS	 24576	 25599	     1	 24867.0
STATS	 28672	 29695	     1	 28860.0
STATS	 29696	 30719	     1	 30472.0
STATS	mode	0	4855	  9994.0
STATS	mode	1	3988	 10489.0
STATS	mode	2	2904	 11006.0
STATS	mode_avg	 10412.2
STATS	summary	libc586	5120	     2.0
STATS	start	bytes=5120	func=lx64
STATS	  6912	  7167	   445	  7008.0
STATS	  7168	  7423	   241	  7305.0
STATS	  7424	  7679	  1607	  7626.0
STATS	  7680	  7935	  4899	  7815.0
STATS	  7936	  8191	  3042	  8054.0
STATS	  8192	  8703	  3527	  8408.0
STATS	  8704	  9215	  2519	  8955.0
STATS	  9216	  9727	  1834	  9488.0
STATS	  9728	 10239	   974	  9934.0
STATS	 10240	 10751	   551	 10420.0
STATS	 10752	 11263	    18	 10866.0
STATS	 11264	 11775	     1	 11613.0
STATS	 11776	 12287	     3	 12030.0
STATS	 14848	 15359	     1	 15218.0
STATS	 15360	 15871	    12	 15652.0
STATS	 15872	 16383	    37	 16188.0
STATS	 16384	 17407	   144	 16912.0
STATS	 17408	 18431	    97	 17876.0
STATS	 18432	 19455	    41	 18921.0
STATS	 19456	 20479	     2	 19713.0
STATS	 20480	 21503	     1	 21156.0
STATS	 21504	 22527	     2	 21694.0
STATS	 26624	 27647	     1	 27566.0
STATS	 28672	 29695	     1	 29236.0
STATS	mode	0	4899	  7815.0
STATS	mode	1	3527	  8408.0
STATS	mode	2	3042	  8054.0
STATS	mode_avg	  8060.8
STATS	summary	lx64	5120	     1.6
STATS	start	bytes=5120	func=lx64si0
STATS	  6400	  6655	     4	  6645.0
STATS	  6656	  6911	   616	  6786.0
STATS	  6912	  7167	   377	  7039.0
STATS	  7168	  7423	  1425	  7368.0
STATS	  7424	  7679	  6546	  7558.0
STATS	  7680	  7935	  4695	  7788.0
STATS	  7936	  8191	  2913	  8050.0
STATS	  8192	  8703	  2479	  8366.0
STATS	  8704	  9215	   498	  8918.0
STATS	  9216	  9727	    99	  9392.0
STATS	  9728	 10239	     9	  9932.0
STATS	 10240	 10751	     6	 10366.0
STATS	 10752	 11263	     3	 11060.0
STATS	 11264	 11775	     1	 11310.0
STATS	 14848	 15359	     7	 15236.0
STATS	 15360	 15871	    18	 15664.0
STATS	 15872	 16383	    83	 16157.0
STATS	 16384	 17407	   161	 16827.0
STATS	 17408	 18431	    45	 17757.0
STATS	 18432	 19455	     2	 18705.0
STATS	 19456	 20479	     1	 20039.0
STATS	 24576	 25599	     1	 24788.0
STATS	 25600	 26623	     1	 26316.0
STATS	 29696	 30719	     1	 30282.0
STATS	 31744	 32767	     1	 31921.0
STATS	 38912	 40959	     1	 39173.0
STATS	 40960	 43007	     1	 41797.0
STATS	 45056	 47103	     1	 47064.0
STATS	 61440	 63487	     1	 63076.0
STATS	 65536	 69631	     2	 67049.0
STATS	 73728	 77823	     1	 77198.0
STATS	 77824	 81919	     1	 78922.0
STATS	mode	0	6546	  7558.0
STATS	mode	1	4695	  7788.0
STATS	mode	2	2913	  8050.0
STATS	mode_avg	  7735.6
STATS	summary	lx64si0	5120	     1.5
STATS	start	bytes=5120	func=lx128
STATS	  6912	  7167	   267	  7106.0
STATS	  7168	  7423	   358	  7279.0
STATS	  7424	  7679	   277	  7617.0
STATS	  7680	  7935	  2940	  7835.0
STATS	  7936	  8191	  4799	  8054.0
STATS	  8192	  8703	  4283	  8418.0
STATS	  8704	  9215	  2559	  8932.0
STATS	  9216	  9727	  2427	  9471.0
STATS	  9728	 10239	  1041	  9953.0
STATS	 10240	 10751	   647	 10439.0
STATS	 10752	 11263	    45	 10845.0
STATS	 11264	 11775	     5	 11525.0
STATS	 11776	 12287	     4	 11984.0
STATS	 14848	 15359	     1	 15346.0
STATS	 15360	 15871	    11	 15716.0
STATS	 15872	 16383	    44	 16190.0
STATS	 16384	 17407	   134	 16913.0
STATS	 17408	 18431	    99	 17845.0
STATS	 18432	 19455	    49	 18840.0
STATS	 19456	 20479	     6	 19625.0
STATS	 20480	 21503	     1	 21474.0
STATS	 21504	 22527	     1	 22394.0
STATS	 28672	 29695	     1	 28758.0
STATS	 30720	 31743	     1	 31360.0
STATS	mode	0	4799	  8054.0
STATS	mode	1	4283	  8418.0
STATS	mode	2	2940	  7835.0
STATS	mode_avg	  8130.1
STATS	summary	lx128	5120	     1.6
STATS	start	bytes=6144	func=memcpy
STATS	 10752	 11263	   641	 10920.0
STATS	 11264	 11775	  1994	 11573.0
STATS	 11776	 12287	  3439	 12016.0
STATS	 12288	 12799	  5059	 12523.0
STATS	 12800	 13311	  2371	 13066.0
STATS	 13312	 13823	  2987	 13570.0
STATS	 13824	 14335	  1657	 14062.0
STATS	 14336	 14847	  1120	 14547.0
STATS	 14848	 15359	   184	 14980.0
STATS	 15360	 15871	    15	 15605.0
STATS	 15872	 16383	     9	 16036.0
STATS	 16384	 17407	     3	 16720.0
STATS	 18432	 19455	    14	 19138.0
STATS	 19456	 20479	    97	 20117.0
STATS	 20480	 21503	   196	 20968.0
STATS	 21504	 22527	   141	 21966.0
STATS	 22528	 23551	    51	 22916.0
STATS	 23552	 24575	    11	 23897.0
STATS	 24576	 25599	     6	 24811.0
STATS	 25600	 26623	     1	 25714.0
STATS	 26624	 27647	     1	 27024.0
STATS	 30720	 31743	     1	 31659.0
STATS	 32768	 34815	     1	 33569.0
STATS	 53248	 55295	     1	 54002.0
STATS	mode	0	5059	 12523.0
STATS	mode	1	3439	 12016.0
STATS	mode	2	2987	 13570.0
STATS	mode_avg	 12643.5
STATS	summary	memcpy	6144	     2.1
STATS	start	bytes=6144	func=libc586
STATS	 10240	 10751	     9	 10738.0
STATS	 10752	 11263	   613	 10895.0
STATS	 11264	 11775	  2310	 11574.0
STATS	 11776	 12287	  3438	 12022.0
STATS	 12288	 12799	  5026	 12512.0
STATS	 12800	 13311	  2284	 13085.0
STATS	 13312	 13823	  2878	 13558.0
STATS	 13824	 14335	  1667	 14066.0
STATS	 14336	 14847	  1042	 14535.0
STATS	 14848	 15359	   186	 14987.0
STATS	 15360	 15871	    14	 15566.0
STATS	 15872	 16383	     6	 16093.0
STATS	 16384	 17407	     3	 16690.0
STATS	 18432	 19455	     9	 19002.0
STATS	 19456	 20479	   104	 20110.0
STATS	 20480	 21503	   206	 20956.0
STATS	 21504	 22527	   124	 22026.0
STATS	 22528	 23551	    70	 22948.0
STATS	 23552	 24575	     7	 24024.0
STATS	 24576	 25599	     1	 25402.0
STATS	 29696	 30719	     1	 30490.0
STATS	 31744	 32767	     2	 32218.0
STATS	mode	0	5026	 12512.0
STATS	mode	1	3438	 12022.0
STATS	mode	2	2878	 13558.0
STATS	mode_avg	 12628.9
STATS	summary	libc586	6144	     2.1
STATS	start	bytes=6144	func=lx64
STATS	  8192	  8703	   526	  8435.0
STATS	  8704	  9215	  2945	  9084.0
STATS	  9216	  9727	  4607	  9434.0
STATS	  9728	 10239	  4347	  9989.0
STATS	 10240	 10751	  2257	 10458.0
STATS	 10752	 11263	  2672	 10997.0
STATS	 11264	 11775	  1308	 11501.0
STATS	 11776	 12287	   830	 11993.0
STATS	 12288	 12799	    93	 12394.0
STATS	 12800	 13311	     3	 13081.0
STATS	 13824	 14335	     1	 13990.0
STATS	 16384	 17407	    27	 17137.0
STATS	 17408	 18431	   119	 17997.0
STATS	 18432	 19455	   128	 18908.0
STATS	 19456	 20479	    96	 19918.0
STATS	 20480	 21503	    32	 20825.0
STATS	 21504	 22527	     3	 21781.0
STATS	 22528	 23551	     2	 23200.0
STATS	 29696	 30719	     1	 30438.0
STATS	 30720	 31743	     1	 31568.0
STATS	 43008	 45055	     1	 44131.0
STATS	 81920	 86015	     1	 82694.0
STATS	mode	0	4607	  9434.0
STATS	mode	1	4347	  9989.0
STATS	mode	2	2945	  9084.0
STATS	mode_avg	  9550.1
STATS	summary	lx64	6144	     1.6
STATS	start	bytes=6144	func=lx64si0
STATS	  7936	  8191	   460	  8084.0
STATS	  8192	  8703	   804	  8461.0
STATS	  8704	  9215	  8506	  8967.0
STATS	  9216	  9727	  5443	  9464.0
STATS	  9728	 10239	  3160	  9963.0
STATS	 10240	 10751	  1098	 10424.0
STATS	 10752	 11263	   142	 10916.0
STATS	 11264	 11775	     9	 11470.0
STATS	 11776	 12287	     5	 12022.0
STATS	 15872	 16383	     1	 16342.0
STATS	 16384	 17407	    49	 17082.0
STATS	 17408	 18431	   195	 17936.0
STATS	 18432	 19455	   109	 18802.0
STATS	 19456	 20479	    13	 19846.0
STATS	 20480	 21503	     1	 20985.0
STATS	 21504	 22527	     1	 21784.0
STATS	 22528	 23551	     2	 22902.0
STATS	 29696	 30719	     1	 30310.0
STATS	 32768	 34815	     1	 32964.0
STATS	mode	0	8506	  8967.0
STATS	mode	1	5443	  9464.0
STATS	mode	2	3160	  9963.0
STATS	mode_avg	  9309.1
STATS	summary	lx64si0	6144	     1.5
STATS	start	bytes=6144	func=lx128
STATS	  8192	  8703	   409	  8525.0
STATS	  8704	  9215	  1483	  9093.0
STATS	  9216	  9727	  4547	  9466.0
STATS	  9728	 10239	  4913	 10010.0
STATS	 10240	 10751	  2876	 10435.0
STATS	 10752	 11263	  2579	 10994.0
STATS	 11264	 11775	  1453	 11477.0
STATS	 11776	 12287	  1084	 12018.0
STATS	 12288	 12799	   239	 12424.0
STATS	 12800	 13311	     6	 13043.0
STATS	 13312	 13823	     1	 13325.0
STATS	 13824	 14335	     3	 13956.0
STATS	 16384	 17407	    15	 17184.0
STATS	 17408	 18431	   104	 18044.0
STATS	 18432	 19455	   142	 18902.0
STATS	 19456	 20479	   108	 19885.0
STATS	 20480	 21503	    35	 20832.0
STATS	 22528	 23551	     1	 23066.0
STATS	 28672	 29695	     2	 29047.0
STATS	mode	0	4913	 10010.0
STATS	mode	1	4547	  9466.0
STATS	mode	2	2876	 10435.0
STATS	mode_avg	  9908.6
STATS	summary	lx128	6144	     1.6
STATS	start	bytes=7168	func=memcpy
STATS	 12288	 12799	   478	 12660.0
STATS	 12800	 13311	   245	 13095.0
STATS	 13312	 13823	  1292	 13646.0
STATS	 13824	 14335	  6167	 14100.0
STATS	 14336	 14847	  3160	 14549.0
STATS	 14848	 15359	  1446	 15100.0
STATS	 15360	 15871	  2967	 15625.0
STATS	 15872	 16383	  1439	 16111.0
STATS	 16384	 17407	  1655	 16794.0
STATS	 17408	 18431	   524	 17761.0
STATS	 18432	 19455	    12	 18550.0
STATS	 20480	 21503	    14	 21080.0
STATS	 21504	 22527	   154	 22159.0
STATS	 22528	 23551	   182	 23009.0
STATS	 23552	 24575	   138	 24024.0
STATS	 24576	 25599	    75	 25032.0
STATS	 25600	 26623	    36	 26008.0
STATS	 26624	 27647	     7	 26801.0
STATS	 27648	 28671	     1	 28509.0
STATS	 28672	 29695	     2	 29167.0
STATS	 30720	 31743	     1	 31556.0
STATS	 32768	 34815	     1	 34285.0
STATS	 34816	 36863	     2	 35241.0
STATS	 55296	 57343	     1	 56647.0
STATS	 59392	 61439	     1	 60034.0
STATS	mode	0	6167	 14100.0
STATS	mode	1	3160	 14549.0
STATS	mode	2	2967	 15625.0
STATS	mode_avg	 14583.4
STATS	summary	memcpy	7168	     2.0
STATS	start	bytes=7168	func=libc586
STATS	 12288	 12799	   515	 12634.0
STATS	 12800	 13311	   234	 13106.0
STATS	 13312	 13823	  1746	 13677.0
STATS	 13824	 14335	  5838	 14096.0
STATS	 14336	 14847	  3163	 14542.0
STATS	 14848	 15359	  1484	 15106.0
STATS	 15360	 15871	  2910	 15616.0
STATS	 15872	 16383	  1379	 16106.0
STATS	 16384	 17407	  1630	 16807.0
STATS	 17408	 18431	   475	 17759.0
STATS	 18432	 19455	    16	 18590.0
STATS	 20480	 21503	    16	 21034.0
STATS	 21504	 22527	   159	 22139.0
STATS	 22528	 23551	   178	 22991.0
STATS	 23552	 24575	   149	 24064.0
STATS	 24576	 25599	    71	 25073.0
STATS	 25600	 26623	    24	 26037.0
STATS	 26624	 27647	     4	 26958.0
STATS	 27648	 28671	     4	 28117.0
STATS	 32768	 34815	     1	 33795.0
STATS	 34816	 36863	     2	 35083.0
STATS	 47104	 49151	     1	 48434.0
STATS	 69632	 73727	     1	 70854.0
STATS	mode	0	5838	 14096.0
STATS	mode	1	3163	 14542.0
STATS	mode	2	2910	 15616.0
STATS	mode_avg	 14585.8
STATS	summary	libc586	7168	     2.0
STATS	start	bytes=7168	func=lx64
STATS	  9216	  9727	   123	  9697.0
STATS	  9728	 10239	   452	  9932.0
STATS	 10240	 10751	  2829	 10566.0
STATS	 10752	 11263	  3639	 11018.0
STATS	 11264	 11775	  4516	 11496.0
STATS	 11776	 12287	  1969	 12021.0
STATS	 12288	 12799	  2764	 12565.0
STATS	 12800	 13311	  1666	 13003.0
STATS	 13312	 13823	   799	 13606.0
STATS	 13824	 14335	   737	 14000.0
STATS	 14336	 14847	    21	 14430.0
STATS	 14848	 15359	     2	 15120.0
STATS	 15360	 15871	     1	 15540.0
STATS	 17408	 18431	     6	 18170.0
STATS	 18432	 19455	    64	 19086.0
STATS	 19456	 20479	   179	 19977.0
STATS	 20480	 21503	   141	 21070.0
STATS	 21504	 22527	    63	 21917.0
STATS	 22528	 23551	    21	 22815.0
STATS	 23552	 24575	     5	 24131.0
STATS	 26624	 27647	     1	 26988.0
STATS	 32768	 34815	     1	 33456.0
STATS	 34816	 36863	     1	 35169.0
STATS	mode	0	4516	 11496.0
STATS	mode	1	3639	 11018.0
STATS	mode	2	2829	 10566.0
STATS	mode_avg	 11098.1
STATS	summary	lx64	7168	     1.5
STATS	start	bytes=7168	func=lx64si0
STATS	  9216	  9727	   669	  9495.0
STATS	  9728	 10239	  2234	 10095.0
STATS	 10240	 10751	  5685	 10467.0
STATS	 10752	 11263	  5732	 11011.0
STATS	 11264	 11775	  3734	 11501.0
STATS	 11776	 12287	  1285	 11981.0
STATS	 12288	 12799	   198	 12433.0
STATS	 12800	 13311	    16	 13004.0
STATS	 13312	 13823	     6	 13578.0
STATS	 17408	 18431	    22	 18167.0
STATS	 18432	 19455	   141	 19013.0
STATS	 19456	 20479	   214	 19945.0
STATS	 20480	 21503	    50	 20826.0
STATS	 21504	 22527	     5	 21679.0
STATS	 25600	 26623	     2	 25858.0
STATS	 30720	 31743	     1	 31154.0
STATS	 31744	 32767	     1	 31965.0
STATS	 32768	 34815	     1	 33329.0
STATS	 34816	 36863	     1	 36004.0
STATS	 40960	 43007	     1	 41876.0
STATS	 43008	 45055	     1	 44384.0
STATS	 94208	 98303	     1	 97644.0
STATS	mode	0	5732	 11011.0
STATS	mode	1	5685	 10467.0
STATS	mode	2	3734	 11501.0
STATS	mode_avg	 10927.6
STATS	summary	lx64si0	7168	     1.5
STATS	start	bytes=7168	func=lx128
STATS	  9728	 10239	   538	 10046.0
STATS	 10240	 10751	  1135	 10635.0
STATS	 10752	 11263	  3399	 10972.0
STATS	 11264	 11775	  5026	 11548.0
STATS	 11776	 12287	  2840	 11987.0
STATS	 12288	 12799	  2408	 12544.0
STATS	 12800	 13311	  2329	 13020.0
STATS	 13312	 13823	   861	 13571.0
STATS	 13824	 14335	   913	 14016.0
STATS	 14336	 14847	    53	 14414.0
STATS	 14848	 15359	     7	 14988.0
STATS	 15360	 15871	     2	 15397.0
STATS	 15872	 16383	     1	 16040.0
STATS	 16384	 17407	     1	 16833.0
STATS	 17408	 18431	     3	 18326.0
STATS	 18432	 19455	    44	 19075.0
STATS	 19456	 20479	   199	 20037.0
STATS	 20480	 21503	   133	 21014.0
STATS	 21504	 22527	    67	 21963.0
STATS	 22528	 23551	    31	 22846.0
STATS	 23552	 24575	     1	 23824.0
STATS	 25600	 26623	     3	 26078.0
STATS	 30720	 31743	     1	 31699.0
STATS	 31744	 32767	     1	 32409.0
STATS	 34816	 36863	     1	 35976.0
STATS	 65536	 69631	     1	 68532.0
STATS	 73728	 77823	     1	 74334.0
STATS	 90112	 94207	     1	 93122.0
STATS	mode	0	5026	 11548.0
STATS	mode	1	3399	 10972.0
STATS	mode	2	2840	 11987.0
STATS	mode_avg	 11484.9
STATS	summary	lx128	7168	     1.6
STATS	start	bytes=8192	func=memcpy
STATS	 13824	 14335	     4	 14308.0
STATS	 14336	 14847	   547	 14554.0
STATS	 14848	 15359	   128	 15197.0
STATS	 15360	 15871	  1562	 15685.0
STATS	 15872	 16383	  5159	 16134.0
STATS	 16384	 17407	  5292	 16901.0
STATS	 17408	 18431	  3977	 17848.0
STATS	 18432	 19455	  2011	 18804.0
STATS	 19456	 20479	   615	 19775.0
STATS	 20480	 21503	    12	 20665.0
STATS	 21504	 22527	     6	 22375.0
STATS	 22528	 23551	    21	 23115.0
STATS	 23552	 24575	   160	 24211.0
STATS	 24576	 25599	   215	 25085.0
STATS	 25600	 26623	   153	 26084.0
STATS	 26624	 27647	    80	 27084.0
STATS	 27648	 28671	    45	 28062.0
STATS	 28672	 29695	     6	 28733.0
STATS	 29696	 30719	     1	 30467.0
STATS	 34816	 36863	     3	 36062.0
STATS	 36864	 38911	     1	 38429.0
STATS	 55296	 57343	     1	 57149.0
STATS	 86016	 90111	     1	 87462.0
STATS	mode	0	5292	 16901.0
STATS	mode	1	5159	 16134.0
STATS	mode	2	3977	 17848.0
STATS	mode_avg	 16887.8
STATS	summary	memcpy	8192	     2.1
STATS	start	bytes=8192	func=libc586
STATS	 14336	 14847	   585	 14542.0
STATS	 14848	 15359	   148	 15260.0
STATS	 15360	 15871	  1561	 15669.0
STATS	 15872	 16383	  5396	 16122.0
STATS	 16384	 17407	  5206	 16908.0
STATS	 17408	 18431	  3830	 17853.0
STATS	 18432	 19455	  2000	 18825.0
STATS	 19456	 20479	   561	 19814.0
STATS	 20480	 21503	    15	 20630.0
STATS	 21504	 22527	     5	 22356.0
STATS	 22528	 23551	    19	 23068.0
STATS	 23552	 24575	   167	 24140.0
STATS	 24576	 25599	   216	 25067.0
STATS	 25600	 26623	   159	 26085.0
STATS	 26624	 27647	    82	 27008.0
STATS	 27648	 28671	    37	 28031.0
STATS	 28672	 29695	     6	 28854.0
STATS	 29696	 30719	     3	 30076.0
STATS	 36864	 38911	     2	 37398.0
STATS	 40960	 43007	     1	 41398.0
STATS	 55296	 57343	     1	 55334.0
STATS	mode	0	5396	 16122.0
STATS	mode	1	5206	 16908.0
STATS	mode	2	3830	 17853.0
STATS	mode_avg	 16864.9
STATS	summary	libc586	8192	     2.1
STATS	start	bytes=8192	func=lx64
STATS	 10752	 11263	   260	 11214.0
STATS	 11264	 11775	   357	 11511.0
STATS	 11776	 12287	  1393	 12071.0
STATS	 12288	 12799	  3795	 12614.0
STATS	 12800	 13311	  4944	 13027.0
STATS	 13312	 13823	  2109	 13601.0
STATS	 13824	 14335	  3293	 14094.0
STATS	 14336	 14847	  1645	 14495.0
STATS	 14848	 15359	   734	 15213.0
STATS	 15360	 15871	   686	 15566.0
STATS	 15872	 16383	   171	 16064.0
STATS	 16384	 17407	    64	 16587.0
STATS	 18432	 19455	     2	 19382.0
STATS	 19456	 20479	    18	 20085.0
STATS	 20480	 21503	   133	 21154.0
STATS	 21504	 22527	   184	 21966.0
STATS	 22528	 23551	   129	 22941.0
STATS	 23552	 24575	    55	 23987.0
STATS	 24576	 25599	    20	 25029.0
STATS	 25600	 26623	     5	 25889.0
STATS	 27648	 28671	     1	 27678.0
STATS	 32768	 34815	     1	 33590.0
STATS	 34816	 36863	     1	 36245.0
STATS	mode	0	4944	 13027.0
STATS	mode	1	3795	 12614.0
STATS	mode	2	3293	 14094.0
STATS	mode_avg	 13188.8
STATS	summary	lx64	8192	     1.6
STATS	start	bytes=8192	func=lx64si0
STATS	 10240	 10751	    43	 10738.0
STATS	 10752	 11263	   864	 10954.0
STATS	 11264	 11775	  2446	 11605.0
STATS	 11776	 12287	  3961	 12071.0
STATS	 12288	 12799	  7158	 12528.0
STATS	 12800	 13311	  3859	 13008.0
STATS	 13312	 13823	  1047	 13485.0
STATS	 13824	 14335	    97	 13981.0
STATS	 14336	 14847	    11	 14507.0
STATS	 14848	 15359	     6	 15122.0
STATS	 15872	 16383	     2	 16000.0
STATS	 18432	 19455	    13	 19280.0
STATS	 19456	 20479	    53	 20140.0
STATS	 20480	 21503	   291	 21050.0
STATS	 21504	 22527	   122	 21878.0
STATS	 22528	 23551	    18	 22934.0
STATS	 23552	 24575	     1	 24430.0
STATS	 24576	 25599	     2	 24925.0
STATS	 25600	 26623	     1	 25964.0
STATS	 29696	 30719	     1	 30471.0
STATS	 30720	 31743	     1	 30724.0
STATS	 31744	 32767	     1	 32244.0
STATS	 43008	 45055	     1	 44382.0
STATS	 59392	 61439	     1	 60774.0
STATS	mode	0	7158	 12528.0
STATS	mode	1	3961	 12071.0
STATS	mode	2	3859	 13008.0
STATS	mode_avg	 12530.8
STATS	summary	lx64si0	8192	     1.5
STATS	start	bytes=8192	func=lx128
STATS	 10752	 11263	     2	 11215.0
STATS	 11264	 11775	   397	 11462.0
STATS	 11776	 12287	   719	 12079.0
STATS	 12288	 12799	  1762	 12594.0
STATS	 12800	 13311	  5748	 13064.0
STATS	 13312	 13823	  3393	 13541.0
STATS	 13824	 14335	  2841	 14088.0
STATS	 14336	 14847	  2589	 14546.0
STATS	 14848	 15359	   907	 15151.0
STATS	 15360	 15871	   778	 15569.0
STATS	 15872	 16383	   223	 16084.0
STATS	 16384	 17407	    77	 16624.0
STATS	 17408	 18431	     2	 17458.0
STATS	 18432	 19455	     1	 19356.0
STATS	 19456	 20479	    14	 20028.0
STATS	 20480	 21503	   118	 21176.0
STATS	 21504	 22527	   204	 21960.0
STATS	 22528	 23551	   126	 22990.0
STATS	 23552	 24575	    72	 23999.0
STATS	 24576	 25599	    19	 25024.0
STATS	 25600	 26623	     2	 25746.0
STATS	 26624	 27647	     1	 26686.0
STATS	 27648	 28671	     1	 28003.0
STATS	 31744	 32767	     1	 32504.0
STATS	 34816	 36863	     2	 35368.0
STATS	 57344	 59391	     1	 58730.0
STATS	mode	0	5748	 13064.0
STATS	mode	1	3393	 13541.0
STATS	mode	2	2841	 14088.0
STATS	mode_avg	 13441.9
STATS	summary	lx128	8192	     1.6
STATS	start	bytes=9216	func=memcpy
STATS	 15872	 16383	   387	 16254.0
STATS	 16384	 17407	   447	 17010.0
STATS	 17408	 18431	  5829	 17972.0
STATS	 18432	 19455	  5285	 18935.0
STATS	 19456	 20479	  4290	 19931.0
STATS	 20480	 21503	  2072	 20840.0
STATS	 21504	 22527	   854	 21888.0
STATS	 22528	 23551	    60	 22778.0
STATS	 23552	 24575	    11	 23993.0
STATS	 24576	 25599	    29	 25180.0
STATS	 25600	 26623	   146	 26175.0
STATS	 26624	 27647	   207	 27109.0
STATS	 27648	 28671	   192	 28164.0
STATS	 28672	 29695	   119	 29047.0
STATS	 29696	 30719	    52	 30177.0
STATS	 30720	 31743	    11	 30975.0
STATS	 31744	 32767	     3	 32375.0
STATS	 32768	 34815	     2	 33275.0
STATS	 38912	 40959	     2	 39569.0
STATS	 43008	 45055	     1	 44976.0
STATS	 59392	 61439	     1	 60589.0
STATS	mode	0	5829	 17972.0
STATS	mode	1	5285	 18935.0
STATS	mode	2	4290	 19931.0
STATS	mode_avg	 18848.0
STATS	summary	memcpy	9216	     2.0
STATS	start	bytes=9216	func=libc586
STATS	 15872	 16383	   399	 16223.0
STATS	 16384	 17407	   607	 17079.0
STATS	 17408	 18431	  5887	 17964.0
STATS	 18432	 19455	  5230	 18940.0
STATS	 19456	 20479	  4103	 19942.0
STATS	 20480	 21503	  2069	 20832.0
STATS	 21504	 22527	   861	 21878.0
STATS	 22528	 23551	    56	 22778.0
STATS	 23552	 24575	    10	 24226.0
STATS	 24576	 25599	    22	 25168.0
STATS	 25600	 26623	   163	 26181.0
STATS	 26624	 27647	   220	 27131.0
STATS	 27648	 28671	   206	 28165.0
STATS	 28672	 29695	    98	 29083.0
STATS	 29696	 30719	    39	 30131.0
STATS	 30720	 31743	    19	 30982.0
STATS	 31744	 32767	     3	 32255.0
STATS	 32768	 34815	     1	 34380.0
STATS	 36864	 38911	     4	 37800.0
STATS	 38912	 40959	     1	 40547.0
STATS	 53248	 55295	     1	 53359.0
STATS	 81920	 86015	     1	 84931.0
STATS	mode	0	5887	 17964.0
STATS	mode	1	5230	 18940.0
STATS	mode	2	4103	 19942.0
STATS	mode_avg	 18832.6
STATS	summary	libc586	9216	     2.0
STATS	start	bytes=9216	func=lx64
STATS	 12288	 12799	   304	 12640.0
STATS	 12800	 13311	   286	 13049.0
STATS	 13312	 13823	   692	 13639.0
STATS	 13824	 14335	  4898	 14127.0
STATS	 14336	 14847	  4121	 14557.0
STATS	 14848	 15359	  1933	 15068.0
STATS	 15360	 15871	  2457	 15652.0
STATS	 15872	 16383	  2203	 16092.0
STATS	 16384	 17407	  1620	 16851.0
STATS	 17408	 18431	   837	 17806.0
STATS	 18432	 19455	    47	 18577.0
STATS	 19456	 20479	     1	 19472.0
STATS	 20480	 21503	     9	 21083.0
STATS	 21504	 22527	    49	 22261.0
STATS	 22528	 23551	   224	 23044.0
STATS	 23552	 24575	   148	 24074.0
STATS	 24576	 25599	   102	 24999.0
STATS	 25600	 26623	    51	 26023.0
STATS	 26624	 27647	    11	 26975.0
STATS	 27648	 28671	     2	 28193.0
STATS	 29696	 30719	     1	 30000.0
STATS	 32768	 34815	     2	 33954.0
STATS	 36864	 38911	     1	 37067.0
STATS	 47104	 49151	     1	 47504.0
STATS	mode	0	4898	 14127.0
STATS	mode	1	4121	 14557.0
STATS	mode	2	2457	 15652.0
STATS	mode_avg	 14607.9
STATS	summary	lx64	9216	     1.6
STATS	start	bytes=9216	func=lx64si0
STATS	 11776	 12287	   476	 12161.0
STATS	 12288	 12799	   544	 12527.0
STATS	 12800	 13311	   960	 13113.0
STATS	 13312	 13823	  6000	 13637.0
STATS	 13824	 14335	  7125	 14055.0
STATS	 14336	 14847	  3229	 14532.0
STATS	 14848	 15359	   872	 15039.0
STATS	 15360	 15871	   160	 15553.0
STATS	 15872	 16383	    59	 16041.0
STATS	 16384	 17407	    12	 16629.0
STATS	 20480	 21503	    25	 20985.0
STATS	 21504	 22527	   143	 22168.0
STATS	 22528	 23551	   219	 23068.0
STATS	 23552	 24575	   146	 23964.0
STATS	 24576	 25599	    20	 24928.0
STATS	 25600	 26623	     2	 26016.0
STATS	 26624	 27647	     3	 26988.0
STATS	 34816	 36863	     1	 35139.0
STATS	 36864	 38911	     1	 38311.0
STATS	 59392	 61439	     1	 59748.0
STATS	 77824	 81919	     1	 81629.0
STATS	 98304	102399	     1	101116.0
STATS	mode	0	7125	 14055.0
STATS	mode	1	6000	 13637.0
STATS	mode	2	3229	 14532.0
STATS	mode_avg	 13995.8
STATS	summary	lx64si0	9216	     1.5
STATS	start	bytes=9216	func=lx128
STATS	 12288	 12799	    80	 12752.0
STATS	 12800	 13311	   420	 13013.0
STATS	 13312	 13823	   310	 13599.0
STATS	 13824	 14335	  2144	 14177.0
STATS	 14336	 14847	  5663	 14573.0
STATS	 14848	 15359	  2880	 15075.0
STATS	 15360	 15871	  1905	 15643.0
STATS	 15872	 16383	  2707	 16094.0
STATS	 16384	 17407	  2284	 16823.0
STATS	 17408	 18431	   897	 17826.0
STATS	 18432	 19455	    81	 18575.0
STATS	 19456	 20479	     1	 19469.0
STATS	 20480	 21503	     8	 21298.0
STATS	 21504	 22527	    20	 22226.0
STATS	 22528	 23551	   200	 23111.0
STATS	 23552	 24575	   192	 24088.0
STATS	 24576	 25599	   127	 25017.0
STATS	 25600	 26623	    47	 26016.0
STATS	 26624	 27647	    25	 26999.0
STATS	 27648	 28671	     2	 28497.0
STATS	 28672	 29695	     1	 28769.0
STATS	 31744	 32767	     1	 32130.0
STATS	 32768	 34815	     1	 34087.0
STATS	 34816	 36863	     1	 35275.0
STATS	 36864	 38911	     1	 37177.0
STATS	 55296	 57343	     1	 56225.0
STATS	 59392	 61439	     1	 59692.0
STATS	mode	0	5663	 14573.0
STATS	mode	1	2880	 15075.0
STATS	mode	2	2707	 16094.0
STATS	mode_avg	 15067.5
STATS	summary	lx128	9216	     1.6
STATS	start	bytes=10240	func=memcpy
STATS	 17408	 18431	   402	 18100.0
STATS	 18432	 19455	   672	 19157.0
STATS	 19456	 20479	  4771	 20071.0
STATS	 20480	 21503	  5414	 20939.0
STATS	 21504	 22527	  5008	 21966.0
STATS	 22528	 23551	  1985	 22929.0
STATS	 23552	 24575	   763	 23974.0
STATS	 24576	 25599	   101	 25067.0
STATS	 25600	 26623	    20	 26047.0
STATS	 26624	 27647	    19	 27348.0
STATS	 27648	 28671	   148	 28303.0
STATS	 28672	 29695	   225	 29127.0
STATS	 29696	 30719	   202	 30228.0
STATS	 30720	 31743	   180	 31137.0
STATS	 31744	 32767	    61	 32193.0
STATS	 32768	 34815	    20	 33618.0
STATS	 34816	 36863	     3	 35680.0
STATS	 36864	 38911	     1	 37402.0
STATS	 38912	 40959	     1	 40474.0
STATS	 40960	 43007	     2	 41998.0
STATS	 43008	 45055	     1	 44767.0
STATS	 57344	 59391	     1	 58089.0
STATS	mode	0	5414	 20939.0
STATS	mode	1	5008	 21966.0
STATS	mode	2	4771	 20071.0
STATS	mode_avg	 21005.0
STATS	summary	memcpy	10240	     2.1
STATS	start	bytes=10240	func=libc586
STATS	 17408	 18431	   406	 18074.0
STATS	 18432	 19455	   753	 19138.0
STATS	 19456	 20479	  5007	 20070.0
STATS	 20480	 21503	  5277	 20964.0
STATS	 21504	 22527	  4971	 21974.0
STATS	 22528	 23551	  1896	 22925.0
STATS	 23552	 24575	   708	 23964.0
STATS	 24576	 25599	   108	 24989.0
STATS	 25600	 26623	    18	 26099.0
STATS	 26624	 27647	    29	 27286.0
STATS	 27648	 28671	   148	 28312.0
STATS	 28672	 29695	   203	 29140.0
STATS	 29696	 30719	   229	 30239.0
STATS	 30720	 31743	   161	 31170.0
STATS	 31744	 32767	    55	 32083.0
STATS	 32768	 34815	    20	 33332.0
STATS	 34816	 36863	     4	 35408.0
STATS	 38912	 40959	     1	 39312.0
STATS	 40960	 43007	     3	 41991.0
STATS	 57344	 59391	     1	 57799.0
STATS	 65536	 69631	     1	 67542.0
STATS	 90112	 94207	     1	 93247.0
STATS	mode	0	5277	 20964.0
STATS	mode	1	5007	 20070.0
STATS	mode	2	4971	 21974.0
STATS	mode_avg	 20999.7
STATS	summary	libc586	10240	     2.1
STATS	start	bytes=10240	func=lx64
STATS	 13312	 13823	     7	 13776.0
STATS	 13824	 14335	   373	 14076.0
STATS	 14336	 14847	   120	 14573.0
STATS	 14848	 15359	   716	 15223.0
STATS	 15360	 15871	  4278	 15629.0
STATS	 15872	 16383	  2683	 16113.0
STATS	 16384	 17407	  5489	 16888.0
STATS	 17408	 18431	  4050	 17838.0
STATS	 18432	 19455	  1291	 18804.0
STATS	 19456	 20479	   304	 19804.0
STATS	 21504	 22527	     4	 22477.0
STATS	 22528	 23551	    15	 22985.0
STATS	 23552	 24575	   144	 24182.0
STATS	 24576	 25599	   198	 25105.0
STATS	 25600	 26623	   182	 26131.0
STATS	 26624	 27647	   104	 27059.0
STATS	 27648	 28671	    28	 28067.0
STATS	 28672	 29695	     8	 28941.0
STATS	 30720	 31743	     2	 31115.0
STATS	 36864	 38911	     4	 37863.0
STATS	mode	0	5489	 16888.0
STATS	mode	1	4278	 15629.0
STATS	mode	2	4050	 17838.0
STATS	mode_avg	 16776.7
STATS	summary	lx64	10240	     1.6
STATS	start	bytes=10240	func=lx64si0
STATS	 12800	 13311	    10	 13283.0
STATS	 13312	 13823	   651	 13593.0
STATS	 13824	 14335	   397	 14030.0
STATS	 14336	 14847	   721	 14758.0
STATS	 14848	 15359	  6619	 15119.0
STATS	 15360	 15871	  6283	 15613.0
STATS	 15872	 16383	  2952	 16071.0
STATS	 16384	 17407	  1644	 16704.0
STATS	 17408	 18431	    97	 17629.0
STATS	 18432	 19455	     1	 18498.0
STATS	 21504	 22527	    23	 22210.0
STATS	 22528	 23551	    58	 23204.0
STATS	 23552	 24575	   299	 24084.0
STATS	 24576	 25599	   184	 24995.0
STATS	 25600	 26623	    50	 25866.0
STATS	 26624	 27647	     3	 26976.0
STATS	 27648	 28671	     1	 27764.0
STATS	 28672	 29695	     2	 29176.0
STATS	 34816	 36863	     3	 35834.0
STATS	 36864	 38911	     1	 37178.0
STATS	 47104	 49151	     1	 48235.0
STATS	mode	0	6619	 15119.0
STATS	mode	1	6283	 15613.0
STATS	mode	2	2952	 16071.0
STATS	mode_avg	 15492.0
STATS	summary	lx64si0	10240	     1.5
STATS	start	bytes=10240	func=lx128
STATS	 13312	 13823	     1	 13740.0
STATS	 13824	 14335	   179	 14151.0
STATS	 14336	 14847	   252	 14526.0
STATS	 14848	 15359	   265	 15132.0
STATS	 15360	 15871	  2200	 15680.0
STATS	 15872	 16383	  3761	 16115.0
STATS	 16384	 17407	  5638	 16860.0
STATS	 17408	 18431	  4894	 17863.0
STATS	 18432	 19455	  1729	 18827.0
STATS	 19456	 20479	   382	 19883.0
STATS	 20480	 21503	     7	 20496.0
STATS	 21504	 22527	     3	 22341.0
STATS	 22528	 23551	    13	 23023.0
STATS	 23552	 24575	    77	 24173.0
STATS	 24576	 25599	   189	 25051.0
STATS	 25600	 26623	   199	 26099.0
STATS	 26624	 27647	   150	 27056.0
STATS	 27648	 28671	    37	 27908.0
STATS	 28672	 29695	    13	 29025.0
STATS	 29696	 30719	     2	 30204.0
STATS	 30720	 31743	     2	 30847.0
STATS	 31744	 32767	     1	 31903.0
STATS	 34816	 36863	     2	 35769.0
STATS	 36864	 38911	     1	 37620.0
STATS	 38912	 40959	     1	 40860.0
STATS	 53248	 55295	     1	 55289.0
STATS	 63488	 65535	     1	 65488.0
STATS	mode	0	5638	 16860.0
STATS	mode	1	4894	 17863.0
STATS	mode	2	3761	 16115.0
STATS	mode_avg	 17007.4
STATS	summary	lx128	10240	     1.7
STATS	start	bytes=11264	func=memcpy
STATS	 19456	 20479	   405	 19898.0
STATS	 20480	 21503	   595	 21093.0
STATS	 21504	 22527	  5702	 22102.0
STATS	 22528	 23551	  3634	 23106.0
STATS	 23552	 24575	  5376	 24004.0
STATS	 24576	 25599	  2231	 25002.0
STATS	 25600	 26623	   927	 26031.0
STATS	 26624	 27647	   149	 27214.0
STATS	 27648	 28671	    46	 27883.0
STATS	 28672	 29695	    22	 29366.0
STATS	 29696	 30719	   185	 30336.0
STATS	 30720	 31743	   203	 31229.0
STATS	 31744	 32767	   232	 32291.0
STATS	 32768	 34815	   256	 33521.0
STATS	 34816	 36863	    29	 35439.0
STATS	 36864	 38911	     1	 37049.0
STATS	 38912	 40959	     1	 39119.0
STATS	 40960	 43007	     1	 41556.0
STATS	 43008	 45055	     4	 43871.0
STATS	 53248	 55295	     1	 54058.0
STATS	mode	0	5702	 22102.0
STATS	mode	1	5376	 24004.0
STATS	mode	2	3634	 23106.0
STATS	mode_avg	 23045.0
STATS	summary	memcpy	11264	     2.0
STATS	start	bytes=11264	func=libc586
STATS	 19456	 20479	   409	 19868.0
STATS	 20480	 21503	   658	 21100.0
STATS	 21504	 22527	  5740	 22078.0
STATS	 22528	 23551	  3742	 23121.0
STATS	 23552	 24575	  5281	 24009.0
STATS	 24576	 25599	  2141	 24996.0
STATS	 25600	 26623	   907	 26000.0
STATS	 26624	 27647	   142	 27159.0
STATS	 27648	 28671	    47	 27985.0
STATS	 28672	 29695	    23	 29433.0
STATS	 29696	 30719	   194	 30288.0
STATS	 30720	 31743	   209	 31221.0
STATS	 31744	 32767	   244	 32257.0
STATS	 32768	 34815	   222	 33426.0
STATS	 34816	 36863	    28	 35476.0
STATS	 36864	 38911	     1	 37809.0
STATS	 38912	 40959	     2	 39686.0
STATS	 40960	 43007	     3	 42102.0
STATS	 43008	 45055	     1	 44233.0
STATS	 49152	 51199	     1	 49972.0
STATS	 55296	 57343	     1	 55672.0
STATS	 63488	 65535	     1	 64637.0
STATS	 73728	 77823	     1	 76496.0
STATS	 94208	 98303	     1	 97194.0
STATS	 98304	102399	     1	101327.0
STATS	mode	0	5740	 22078.0
STATS	mode	1	5281	 24009.0
STATS	mode	2	3742	 23121.0
STATS	mode_avg	 23033.1
STATS	summary	libc586	11264	     2.0
STATS	start	bytes=11264	func=lx64
STATS	 14848	 15359	    90	 15289.0
STATS	 15360	 15871	   288	 15538.0
STATS	 15872	 16383	    84	 16192.0
STATS	 16384	 17407	  4430	 17025.0
STATS	 17408	 18431	  4612	 17900.0
STATS	 18432	 19455	  6141	 18970.0
STATS	 19456	 20479	  2455	 19877.0
STATS	 20480	 21503	   943	 20782.0
STATS	 21504	 22527	   188	 22016.0
STATS	 22528	 23551	     9	 22705.0
STATS	 23552	 24575	    17	 24090.0
STATS	 24576	 25599	    60	 25309.0
STATS	 25600	 26623	   173	 26199.0
STATS	 26624	 27647	   183	 27167.0
STATS	 27648	 28671	   205	 28076.0
STATS	 28672	 29695	    86	 29118.0
STATS	 29696	 30719	    19	 30134.0
STATS	 30720	 31743	     9	 31209.0
STATS	 31744	 32767	     3	 32051.0
STATS	 36864	 38911	     2	 37176.0
STATS	 38912	 40959	     1	 40188.0
STATS	 40960	 43007	     1	 42804.0
STATS	 65536	 69631	     1	 66040.0
STATS	mode	0	6141	 18970.0
STATS	mode	1	4612	 17900.0
STATS	mode	2	4430	 17025.0
STATS	mode_avg	 18077.5
STATS	summary	lx64	11264	     1.6
STATS	start	bytes=11264	func=lx64si0
STATS	 14336	 14847	   210	 14758.0
STATS	 14848	 15359	   642	 15113.0
STATS	 15360	 15871	   243	 15553.0
STATS	 15872	 16383	  1935	 16249.0
STATS	 16384	 17407	 10321	 16908.0
STATS	 17408	 18431	  5495	 17795.0
STATS	 18432	 19455	   461	 18694.0
STATS	 19456	 20479	     9	 19613.0
STATS	 22528	 23551	    14	 23315.0
STATS	 23552	 24575	    31	 24075.0
STATS	 24576	 25599	   210	 25194.0
STATS	 25600	 26623	   294	 26069.0
STATS	 26624	 27647	   117	 26965.0
STATS	 27648	 28671	     8	 27970.0
STATS	 28672	 29695	     2	 28813.0
STATS	 30720	 31743	     3	 30845.0
STATS	 36864	 38911	     3	 37911.0
STATS	 38912	 40959	     1	 40546.0
STATS	 57344	 59391	     1	 57374.0
STATS	mode	0	10321	 16908.0
STATS	mode	1	5495	 17795.0
STATS	mode	2	1935	 16249.0
STATS	mode_avg	 17110.7
STATS	summary	lx64si0	11264	     1.5
STATS	start	bytes=11264	func=lx128
STATS	 14848	 15359	     1	 15342.0
STATS	 15360	 15871	   328	 15703.0
STATS	 15872	 16383	    87	 16065.0
STATS	 16384	 17407	  2774	 17167.0
STATS	 17408	 18431	  5196	 17925.0
STATS	 18432	 19455	  5390	 19000.0
STATS	 19456	 20479	  3750	 19816.0
STATS	 20480	 21503	  1501	 20794.0
STATS	 21504	 22527	   190	 21972.0
STATS	 22528	 23551	    10	 22721.0
STATS	 23552	 24575	    13	 24312.0
STATS	 24576	 25599	    22	 25333.0
STATS	 25600	 26623	   152	 26165.0
STATS	 26624	 27647	   200	 27121.0
STATS	 27648	 28671	   242	 28124.0
STATS	 28672	 29695	   104	 29120.0
STATS	 29696	 30719	    22	 29989.0
STATS	 30720	 31743	     7	 31188.0
STATS	 31744	 32767	     1	 31827.0
STATS	 32768	 34815	     3	 33109.0
STATS	 36864	 38911	     2	 38462.0
STATS	 38912	 40959	     3	 39450.0
STATS	 53248	 55295	     1	 53931.0
STATS	 65536	 69631	     1	 68326.0
STATS	mode	0	5390	 19000.0
STATS	mode	1	5196	 17925.0
STATS	mode	2	3750	 19816.0
STATS	mode_avg	 18823.8
STATS	summary	lx128	11264	     1.7
STATS	start	bytes=12288	func=memcpy
STATS	 20480	 21503	     7	 21466.0
STATS	 21504	 22527	   469	 21933.0
STATS	 22528	 23551	   780	 23171.0
STATS	 23552	 24575	  4271	 24110.0
STATS	 24576	 25599	  4940	 25120.0
STATS	 25600	 26623	  4678	 26052.0
STATS	 26624	 27647	  2151	 27076.0
STATS	 27648	 28671	  1634	 28025.0
STATS	 28672	 29695	    33	 28913.0
STATS	 29696	 30719	    12	 30220.0
STATS	 30720	 31743	    36	 31449.0
STATS	 31744	 32767	   153	 32298.0
STATS	 32768	 34815	   494	 33821.0
STATS	 34816	 36863	   307	 35613.0
STATS	 36864	 38911	    28	 37425.0
STATS	 38912	 40959	     1	 39950.0
STATS	 43008	 45055	     2	 43167.0
STATS	 45056	 47103	     3	 45811.0
STATS	 51200	 53247	     1	 52009.0
STATS	mode	0	4940	 25120.0
STATS	mode	1	4678	 26052.0
STATS	mode	2	4271	 24110.0
STATS	mode_avg	 25123.3
STATS	summary	memcpy	12288	     2.0
STATS	start	bytes=12288	func=libc586
STATS	 20480	 21503	     4	 21478.0
STATS	 21504	 22527	   493	 21926.0
STATS	 22528	 23551	   745	 23175.0
STATS	 23552	 24575	  4426	 24100.0
STATS	 24576	 25599	  4938	 25113.0
STATS	 25600	 26623	  4717	 26059.0
STATS	 26624	 27647	  2056	 27091.0
STATS	 27648	 28671	  1553	 28001.0
STATS	 28672	 29695	    35	 28954.0
STATS	 29696	 30719	    13	 30224.0
STATS	 30720	 31743	    40	 31364.0
STATS	 31744	 32767	   157	 32326.0
STATS	 32768	 34815	   500	 33802.0
STATS	 34816	 36863	   289	 35645.0
STATS	 36864	 38911	    23	 37318.0
STATS	 38912	 40959	     4	 40106.0
STATS	 40960	 43007	     1	 40997.0
STATS	 43008	 45055	     2	 44137.0
STATS	 45056	 47103	     1	 46385.0
STATS	 47104	 49151	     1	 47942.0
STATS	 55296	 57343	     1	 57217.0
STATS	 98304	102399	     1	100103.0
STATS	mode	0	4938	 25113.0
STATS	mode	1	4717	 26059.0
STATS	mode	2	4426	 24100.0
STATS	mode_avg	 25111.5
STATS	summary	libc586	12288	     2.0
STATS	start	bytes=12288	func=lx64
STATS	 16384	 17407	   387	 17014.0
STATS	 17408	 18431	  1188	 18230.0
STATS	 18432	 19455	  4925	 19015.0
STATS	 19456	 20479	  5469	 20014.0
STATS	 20480	 21503	  4367	 20834.0
STATS	 21504	 22527	  2406	 22006.0
STATS	 22528	 23551	   441	 22785.0
STATS	 23552	 24575	     5	 23632.0
STATS	 24576	 25599	     6	 25375.0
STATS	 25600	 26623	    14	 26224.0
STATS	 26624	 27647	    91	 27262.0
STATS	 27648	 28671	   221	 28159.0
STATS	 28672	 29695	   249	 29177.0
STATS	 29696	 30719	   116	 30089.0
STATS	 30720	 31743	    84	 31160.0
STATS	 31744	 32767	    19	 32058.0
STATS	 32768	 34815	     7	 33472.0
STATS	 38912	 40959	     3	 40205.0
STATS	 45056	 47103	     1	 46611.0
STATS	 57344	 59391	     1	 58219.0
STATS	mode	0	5469	 20014.0
STATS	mode	1	4925	 19015.0
STATS	mode	2	4367	 20834.0
STATS	mode_avg	 19923.3
STATS	summary	lx64	12288	     1.6
STATS	start	bytes=12288	func=lx64si0
STATS	 15872	 16383	   381	 16217.0
STATS	 16384	 17407	   708	 16703.0
STATS	 17408	 18431	  6443	 18025.0
STATS	 18432	 19455	  9514	 18901.0
STATS	 19456	 20479	  2175	 19746.0
STATS	 20480	 21503	    15	 20804.0
STATS	 23552	 24575	     3	 24558.0
STATS	 24576	 25599	    31	 25109.0
STATS	 25600	 26623	    62	 26311.0
STATS	 26624	 27647	   306	 27233.0
STATS	 27648	 28671	   298	 28074.0
STATS	 28672	 29695	    44	 28980.0
STATS	 29696	 30719	     4	 29934.0
STATS	 30720	 31743	     2	 31181.0
STATS	 31744	 32767	     2	 32397.0
STATS	 32768	 34815	     1	 33536.0
STATS	 34816	 36863	     1	 36108.0
STATS	 36864	 38911	     2	 38358.0
STATS	 38912	 40959	     1	 39424.0
STATS	 40960	 43007	     1	 41291.0
STATS	 55296	 57343	     1	 57304.0
STATS	 61440	 63487	     2	 62741.0
STATS	 73728	 77823	     1	 75567.0
STATS	 90112	 94207	     1	 90386.0
STATS	102400	106495	     1	102805.0
STATS	mode	0	9514	 18901.0
STATS	mode	1	6443	 18025.0
STATS	mode	2	2175	 19746.0
STATS	mode_avg	 18691.1
STATS	summary	lx64si0	12288	     1.5
STATS	start	bytes=12288	func=lx128
STATS	 16384	 17407	   226	 17147.0
STATS	 17408	 18431	   434	 17941.0
STATS	 18432	 19455	  3465	 19050.0
STATS	 19456	 20479	  5940	 19942.0
STATS	 20480	 21503	  5904	 20923.0
STATS	 21504	 22527	  2379	 22055.0
STATS	 22528	 23551	   763	 22848.0
STATS	 23552	 24575	    57	 23749.0
STATS	 24576	 25599	     3	 25423.0
STATS	 25600	 26623	    19	 26204.0
STATS	 26624	 27647	    63	 27327.0
STATS	 27648	 28671	   195	 28214.0
STATS	 28672	 29695	   254	 29184.0
STATS	 29696	 30719	   175	 30153.0
STATS	 30720	 31743	    73	 31154.0
STATS	 31744	 32767	    36	 32034.0
STATS	 32768	 34815	     7	 33387.0
STATS	 34816	 36863	     1	 34968.0
STATS	 38912	 40959	     1	 40108.0
STATS	 40960	 43007	     3	 41772.0
STATS	 57344	 59391	     1	 57724.0
STATS	204800	212991	     1	209432.0
STATS	mode	0	5940	 19942.0
STATS	mode	1	5904	 20923.0
STATS	mode	2	3465	 19050.0
STATS	mode_avg	 20118.4
STATS	summary	lx128	12288	     1.6
STATS	start	bytes=13312	func=memcpy
STATS	 22528	 23551	   258	 23426.0
STATS	 23552	 24575	   197	 24074.0
STATS	 24576	 25599	  1152	 25217.0
STATS	 25600	 26623	  3723	 26179.0
STATS	 26624	 27647	  3828	 27141.0
STATS	 27648	 28671	  5805	 28146.0
STATS	 28672	 29695	  2265	 29134.0
STATS	 29696	 30719	  1168	 30046.0
STATS	 30720	 31743	   279	 31234.0
STATS	 31744	 32767	   182	 32315.0
STATS	 32768	 34815	   243	 33903.0
STATS	 34816	 36863	   521	 35969.0
STATS	 36864	 38911	   310	 37678.0
STATS	 38912	 40959	    52	 39599.0
STATS	 40960	 43007	     9	 41217.0
STATS	 45056	 47103	     2	 45534.0
STATS	 47104	 49151	     2	 47847.0
STATS	 49152	 51199	     2	 50115.0
STATS	 59392	 61439	     1	 59417.0
STATS	 94208	 98303	     1	 96041.0
STATS	mode	0	5805	 28146.0
STATS	mode	1	3828	 27141.0
STATS	mode	2	3723	 26179.0
STATS	mode_avg	 27309.7
STATS	summary	memcpy	13312	     2.1
STATS	start	bytes=13312	func=libc586
STATS	 22528	 23551	   257	 23396.0
STATS	 23552	 24575	   207	 24076.0
STATS	 24576	 25599	  1188	 25219.0
STATS	 25600	 26623	  3747	 26163.0
STATS	 26624	 27647	  3925	 27140.0
STATS	 27648	 28671	  5728	 28133.0
STATS	 28672	 29695	  2205	 29156.0
STATS	 29696	 30719	  1179	 30041.0
STATS	 30720	 31743	   249	 31197.0
STATS	 31744	 32767	   179	 32316.0
STATS	 32768	 34815	   211	 34032.0
STATS	 34816	 36863	   548	 35928.0
STATS	 36864	 38911	   286	 37717.0
STATS	 38912	 40959	    62	 39638.0
STATS	 40960	 43007	    22	 41398.0
STATS	 43008	 45055	     1	 43163.0
STATS	 45056	 47103	     3	 45818.0
STATS	 47104	 49151	     1	 47166.0
STATS	 49152	 51199	     1	 49450.0
STATS	 63488	 65535	     1	 64465.0
STATS	mode	0	5728	 28133.0
STATS	mode	1	3925	 27140.0
STATS	mode	2	3747	 26163.0
STATS	mode_avg	 27291.3
STATS	summary	libc586	13312	     2.1
STATS	start	bytes=13312	func=lx64
STATS	 17408	 18431	   232	 18240.0
STATS	 18432	 19455	   261	 18921.0
STATS	 19456	 20479	  2726	 20142.0
STATS	 20480	 21503	  4947	 20892.0
STATS	 21504	 22527	  6327	 22082.0
STATS	 22528	 23551	  2398	 22977.0
STATS	 23552	 24575	  1539	 23950.0
STATS	 24576	 25599	   473	 24973.0
STATS	 25600	 26623	   206	 26084.0
STATS	 26624	 27647	    11	 26987.0
STATS	 27648	 28671	    31	 28362.0
STATS	 28672	 29695	   190	 29206.0
STATS	 29696	 30719	   187	 30215.0
STATS	 30720	 31743	   241	 31174.0
STATS	 31744	 32767	   121	 32150.0
STATS	 32768	 34815	    96	 33457.0
STATS	 34816	 36863	     7	 35231.0
STATS	 36864	 38911	     1	 37167.0
STATS	 38912	 40959	     1	 40058.0
STATS	 40960	 43007	     2	 42236.0
STATS	 43008	 45055	     1	 43582.0
STATS	 55296	 57343	     1	 57236.0
STATS	 65536	 69631	     1	 67313.0
STATS	mode	0	6327	 22082.0
STATS	mode	1	4947	 20892.0
STATS	mode	2	2726	 20142.0
STATS	mode_avg	 21283.8
STATS	summary	lx64	13312	     1.6
STATS	start	bytes=13312	func=lx64si0
STATS	 16384	 17407	    14	 17392.0
STATS	 17408	 18431	   960	 17860.0
STATS	 18432	 19455	  1920	 19155.0
STATS	 19456	 20479	  9321	 20035.0
STATS	 20480	 21503	  6521	 20830.0
STATS	 21504	 22527	   432	 21811.0
STATS	 22528	 23551	    10	 22790.0
STATS	 25600	 26623	    29	 26323.0
STATS	 26624	 27647	    18	 27195.0
STATS	 27648	 28671	   182	 28347.0
STATS	 28672	 29695	   433	 29196.0
STATS	 29696	 30719	   121	 30037.0
STATS	 30720	 31743	    22	 31104.0
STATS	 31744	 32767	     8	 32148.0
STATS	 32768	 34815	     2	 33642.0
STATS	 34816	 36863	     1	 34891.0
STATS	 38912	 40959	     4	 40327.0
STATS	 53248	 55295	     1	 54427.0
STATS	 65536	 69631	     1	 65540.0
STATS	mode	0	9321	 20035.0
STATS	mode	1	6521	 20830.0
STATS	mode	2	1920	 19155.0
STATS	mode_avg	 20231.7
STATS	summary	lx64si0	13312	     1.5
STATS	start	bytes=13312	func=lx128
STATS	 18432	 19455	   421	 18782.0
STATS	 19456	 20479	   976	 20122.0
STATS	 20480	 21503	  5778	 21029.0
STATS	 21504	 22527	  5274	 22135.0
STATS	 22528	 23551	  3813	 22888.0
STATS	 23552	 24575	  1940	 23978.0
STATS	 24576	 25599	   623	 24918.0
STATS	 25600	 26623	   261	 26124.0
STATS	 26624	 27647	    22	 26967.0
STATS	 27648	 28671	    18	 28301.0
STATS	 28672	 29695	   125	 29325.0
STATS	 29696	 30719	   196	 30172.0
STATS	 30720	 31743	   252	 31239.0
STATS	 31744	 32767	   157	 32203.0
STATS	 32768	 34815	   121	 33435.0
STATS	 34816	 36863	    11	 35374.0
STATS	 36864	 38911	     2	 37068.0
STATS	 40960	 43007	     3	 42091.0
STATS	 45056	 47103	     2	 46104.0
STATS	 59392	 61439	     1	 61384.0
STATS	 69632	 73727	     1	 71736.0
STATS	 86016	 90111	     1	 90035.0
STATS	110592	114687	     1	111452.0
STATS	122880	126975	     1	123178.0
STATS	mode	0	5778	 21029.0
STATS	mode	1	5274	 22135.0
STATS	mode	2	3813	 22888.0
STATS	mode_avg	 21898.3
STATS	summary	lx128	13312	     1.6
STATS	start	bytes=14336	func=memcpy
STATS	 24576	 25599	   274	 25300.0
STATS	 25600	 26623	   410	 26281.0
STATS	 26624	 27647	   630	 27315.0
STATS	 27648	 28671	  4002	 28241.0
STATS	 28672	 29695	  4126	 29186.0
STATS	 29696	 30719	  4754	 30140.0
STATS	 30720	 31743	  2485	 31199.0
STATS	 31744	 32767	  1458	 32151.0
STATS	 32768	 34815	   667	 33410.0
STATS	 34816	 36863	   232	 36265.0
STATS	 36864	 38911	   517	 37945.0
STATS	 38912	 40959	   341	 39716.0
STATS	 40960	 43007	    90	 41789.0
STATS	 43008	 45055	     7	 43461.0
STATS	 47104	 49151	     3	 48540.0
STATS	 49152	 51199	     2	 50337.0
STATS	 51200	 53247	     1	 51812.0
STATS	 61440	 63487	     1	 63297.0
STATS	mode	0	4754	 30140.0
STATS	mode	1	4126	 29186.0
STATS	mode	2	4002	 28241.0
STATS	mode_avg	 29244.5
STATS	summary	memcpy	14336	     2.0
STATS	start	bytes=14336	func=libc586
STATS	 24576	 25599	   287	 25284.0
STATS	 25600	 26623	   399	 26279.0
STATS	 26624	 27647	   750	 27335.0
STATS	 27648	 28671	  4117	 28237.0
STATS	 28672	 29695	  3989	 29192.0
STATS	 29696	 30719	  4779	 30131.0
STATS	 30720	 31743	  2468	 31194.0
STATS	 31744	 32767	  1349	 32128.0
STATS	 32768	 34815	   671	 33398.0
STATS	 34816	 36863	   209	 36194.0
STATS	 36864	 38911	   539	 37979.0
STATS	 38912	 40959	   343	 39763.0
STATS	 40960	 43007	    87	 41807.0
STATS	 43008	 45055	     5	 43466.0
STATS	 45056	 47103	     1	 46725.0
STATS	 47104	 49151	     3	 48531.0
STATS	 49152	 51199	     1	 49572.0
STATS	 53248	 55295	     1	 53394.0
STATS	 69632	 73727	     1	 70556.0
STATS	 73728	 77823	     1	 75263.0
STATS	mode	0	4779	 30131.0
STATS	mode	1	4117	 28237.0
STATS	mode	2	3989	 29192.0
STATS	mode_avg	 29235.1
STATS	summary	libc586	14336	     2.0
STATS	start	bytes=14336	func=lx64
STATS	 19456	 20479	   368	 19879.0
STATS	 20480	 21503	   459	 21110.0
STATS	 21504	 22527	  5231	 22074.0
STATS	 22528	 23551	  4307	 23092.0
STATS	 23552	 24575	  4800	 24003.0
STATS	 24576	 25599	  2375	 25047.0
STATS	 25600	 26623	  1108	 26023.0
STATS	 26624	 27647	   398	 26981.0
STATS	 27648	 28671	     9	 28244.0
STATS	 28672	 29695	    16	 29248.0
STATS	 29696	 30719	    84	 30335.0
STATS	 30720	 31743	   196	 31236.0
STATS	 31744	 32767	   247	 32272.0
STATS	 32768	 34815	   314	 33576.0
STATS	 34816	 36863	    79	 35526.0
STATS	 36864	 38911	     3	 37538.0
STATS	 38912	 40959	     1	 39960.0
STATS	 40960	 43007	     1	 42022.0
STATS	 43008	 45055	     4	 44036.0
STATS	mode	0	5231	 22074.0
STATS	mode	1	4800	 24003.0
STATS	mode	2	4307	 23092.0
STATS	mode_avg	 23025.6
STATS	summary	lx64	14336	     1.6
STATS	start	bytes=14336	func=lx64si0
STATS	 18432	 19455	   774	 19108.0
STATS	 19456	 20479	   459	 19973.0
STATS	 20480	 21503	  6429	 21188.0
STATS	 21504	 22527	  9375	 21926.0
STATS	 22528	 23551	  1976	 22885.0
STATS	 23552	 24575	   105	 23725.0
STATS	 26624	 27647	     5	 27408.0
STATS	 27648	 28671	    33	 28157.0
STATS	 28672	 29695	    50	 29440.0
STATS	 29696	 30719	   364	 30284.0
STATS	 30720	 31743	   305	 31147.0
STATS	 31744	 32767	   101	 32103.0
STATS	 32768	 34815	    14	 33084.0
STATS	 34816	 36863	     2	 34974.0
STATS	 36864	 38911	     1	 37462.0
STATS	 40960	 43007	     4	 42475.0
STATS	 45056	 47103	     1	 45254.0
STATS	 55296	 57343	     1	 55801.0
STATS	 94208	 98303	     1	 97851.0
STATS	mode	0	9375	 21926.0
STATS	mode	1	6429	 21188.0
STATS	mode	2	1976	 22885.0
STATS	mode_avg	 21765.7
STATS	summary	lx64si0	14336	     1.5
STATS	start	bytes=14336	func=lx128
STATS	 19456	 20479	   258	 20070.0
STATS	 20480	 21503	   427	 21044.0
STATS	 21504	 22527	  2825	 22248.0
STATS	 22528	 23551	  4961	 22994.0
STATS	 23552	 24575	  5445	 24056.0
STATS	 24576	 25599	  3060	 25054.0
STATS	 25600	 26623	  1488	 26044.0
STATS	 26624	 27647	   515	 27002.0
STATS	 27648	 28671	    54	 27927.0
STATS	 28672	 29695	    11	 29174.0
STATS	 29696	 30719	    38	 30309.0
STATS	 30720	 31743	   181	 31286.0
STATS	 31744	 32767	   242	 32275.0
STATS	 32768	 34815	   391	 33618.0
STATS	 34816	 36863	    89	 35409.0
STATS	 36864	 38911	     7	 37448.0
STATS	 38912	 40959	     1	 39117.0
STATS	 40960	 43007	     2	 42707.0
STATS	 43008	 45055	     1	 44994.0
STATS	 45056	 47103	     3	 45962.0
STATS	 59392	 61439	     1	 59811.0
STATS	mode	0	5445	 24056.0
STATS	mode	1	4961	 22994.0
STATS	mode	2	3060	 25054.0
STATS	mode_avg	 23891.5
STATS	summary	lx128	14336	     1.7
STATS	start	bytes=15360	func=memcpy
STATS	 26624	 27647	   303	 27102.0
STATS	 27648	 28671	   379	 28212.0
STATS	 28672	 29695	   574	 29436.0
STATS	 29696	 30719	  4349	 30221.0
STATS	 30720	 31743	  3807	 31261.0
STATS	 31744	 32767	  3995	 32197.0
STATS	 32768	 34815	  4455	 33709.0
STATS	 34816	 36863	   868	 35382.0
STATS	 36864	 38911	   225	 38324.0
STATS	 38912	 40959	   488	 40056.0
STATS	 40960	 43007	   406	 41848.0
STATS	 43008	 45055	   127	 43692.0
STATS	 45056	 47103	     9	 45511.0
STATS	 47104	 49151	     2	 47539.0
STATS	 49152	 51199	     2	 50801.0
STATS	 51200	 53247	     1	 52650.0
STATS	 53248	 55295	     4	 54475.0
STATS	 57344	 59391	     1	 57511.0
STATS	 65536	 69631	     1	 69544.0
STATS	 77824	 81919	     1	 78491.0
STATS	 90112	 94207	     1	 91267.0
STATS	102400	106495	     1	105026.0
STATS	118784	122879	     1	119596.0
STATS	mode	0	4455	 33709.0
STATS	mode	1	4349	 30221.0
STATS	mode	2	3995	 32197.0
STATS	mode_avg	 32051.9
STATS	summary	memcpy	15360	     2.1
STATS	start	bytes=15360	func=libc586
STATS	 26624	 27647	   320	 27120.0
STATS	 27648	 28671	   385	 28205.0
STATS	 28672	 29695	   613	 29442.0
STATS	 29696	 30719	  4349	 30199.0
STATS	 30720	 31743	  3646	 31251.0
STATS	 31744	 32767	  4048	 32194.0
STATS	 32768	 34815	  4508	 33711.0
STATS	 34816	 36863	   846	 35371.0
STATS	 36864	 38911	   253	 38241.0
STATS	 38912	 40959	   477	 40013.0
STATS	 40960	 43007	   417	 41905.0
STATS	 43008	 45055	   124	 43728.0
STATS	 45056	 47103	     5	 45814.0
STATS	 49152	 51199	     1	 49605.0
STATS	 51200	 53247	     1	 52181.0
STATS	 53248	 55295	     3	 54503.0
STATS	 55296	 57343	     1	 56333.0
STATS	 63488	 65535	     1	 63905.0
STATS	 69632	 73727	     1	 72829.0
STATS	 98304	102399	     1	 99484.0
STATS	mode	0	4508	 33711.0
STATS	mode	1	4349	 30199.0
STATS	mode	2	4048	 32194.0
STATS	mode_avg	 32051.6
STATS	summary	libc586	15360	     2.1
STATS	start	bytes=15360	func=lx64
STATS	 20480	 21503	   270	 21137.0
STATS	 21504	 22527	   261	 22140.0
STATS	 22528	 23551	  2588	 23259.0
STATS	 23552	 24575	  4200	 24047.0
STATS	 24576	 25599	  4713	 25062.0
STATS	 25600	 26623	  3123	 26022.0
STATS	 26624	 27647	  2604	 27088.0
STATS	 27648	 28671	  1183	 28099.0
STATS	 28672	 29695	    35	 28888.0
STATS	 29696	 30719	     9	 30101.0
STATS	 30720	 31743	    33	 31433.0
STATS	 31744	 32767	   174	 32300.0
STATS	 32768	 34815	   465	 33903.0
STATS	 34816	 36863	   266	 35682.0
STATS	 36864	 38911	    64	 37388.0
STATS	 38912	 40959	     4	 39507.0
STATS	 43008	 45055	     1	 45005.0
STATS	 45056	 47103	     2	 46650.0
STATS	 47104	 49151	     2	 47983.0
STATS	 49152	 51199	     1	 49485.0
STATS	 57344	 59391	     1	 59015.0
STATS	 69632	 73727	     1	 72797.0
STATS	mode	0	4713	 25062.0
STATS	mode	1	4200	 24047.0
STATS	mode	2	3123	 26022.0
STATS	mode_avg	 24956.9
STATS	summary	lx64	15360	     1.6
STATS	start	bytes=15360	func=lx64si0
STATS	 19456	 20479	   358	 20269.0
STATS	 20480	 21503	   690	 20846.0
STATS	 21504	 22527	  1561	 22382.0
STATS	 22528	 23551	 10052	 23025.0
STATS	 23552	 24575	  5511	 23958.0
STATS	 24576	 25599	   869	 24868.0
STATS	 25600	 26623	     9	 25662.0
STATS	 27648	 28671	     2	 28644.0
STATS	 28672	 29695	    33	 29208.0
STATS	 29696	 30719	    18	 30239.0
STATS	 30720	 31743	   200	 31332.0
STATS	 31744	 32767	   419	 32227.0
STATS	 32768	 34815	   257	 33317.0
STATS	 34816	 36863	     9	 35512.0
STATS	 36864	 38911	     2	 37485.0
STATS	 40960	 43007	     2	 42447.0
STATS	 43008	 45055	     3	 44047.0
STATS	 45056	 47103	     1	 45660.0
STATS	 57344	 59391	     1	 58823.0
STATS	 61440	 63487	     1	 61862.0
STATS	 73728	 77823	     1	 76269.0
STATS	 77824	 81919	     1	 79685.0
STATS	mode	0	10052	 23025.0
STATS	mode	1	5511	 23958.0
STATS	mode	2	1561	 22382.0
STATS	mode_avg	 23266.7
STATS	summary	lx64si0	15360	     1.5
STATS	start	bytes=15360	func=lx128
STATS	 20480	 21503	   166	 21386.0
STATS	 21504	 22527	   240	 21902.0
STATS	 22528	 23551	   692	 23127.0
STATS	 23552	 24575	  4574	 24061.0
STATS	 24576	 25599	  4665	 25113.0
STATS	 25600	 26623	  4077	 26048.0
STATS	 26624	 27647	  2804	 27184.0
STATS	 27648	 28671	  1581	 28085.0
STATS	 28672	 29695	   155	 28813.0
STATS	 29696	 30719	    12	 30184.0
STATS	 30720	 31743	    29	 31432.0
STATS	 31744	 32767	    96	 32417.0
STATS	 32768	 34815	   455	 33868.0
STATS	 34816	 36863	   364	 35673.0
STATS	 36864	 38911	    79	 37432.0
STATS	 38912	 40959	     3	 38983.0
STATS	 40960	 43007	     2	 41624.0
STATS	 43008	 45055	     2	 44217.0
STATS	 45056	 47103	     3	 46402.0
STATS	 47104	 49151	     1	 48755.0
STATS	mode	0	4665	 25113.0
STATS	mode	1	4574	 24061.0
STATS	mode	2	4077	 26048.0
STATS	mode_avg	 25037.9
STATS	summary	lx128	15360	     1.6
STATS	start	bytes=16384	func=memcpy
STATS	 28672	 29695	   275	 28965.0
STATS	 29696	 30719	   391	 30129.0
STATS	 30720	 31743	   948	 31439.0
STATS	 31744	 32767	  3220	 32244.0
STATS	 32768	 34815	  8065	 33848.0
STATS	 34816	 36863	  5057	 35649.0
STATS	 36864	 38911	   705	 37238.0
STATS	 38912	 40959	   201	 40279.0
STATS	 40960	 43007	   511	 42240.0
STATS	 43008	 45055	   500	 43880.0
STATS	 45056	 47103	   112	 45693.0
STATS	 47104	 49151	     9	 47584.0
STATS	 51200	 53247	     3	 52389.0
STATS	 55296	 57343	     2	 56291.0
STATS	 94208	 98303	     1	 98068.0
STATS	mode	0	8065	 33848.0
STATS	mode	1	5057	 35649.0
STATS	mode	2	3220	 32244.0
STATS	mode_avg	 34089.3
STATS	summary	memcpy	16384	     2.1
STATS	start	bytes=16384	func=libc586
STATS	 28672	 29695	   294	 28925.0
STATS	 29696	 30719	   380	 30103.0
STATS	 30720	 31743	  1039	 31425.0
STATS	 31744	 32767	  3203	 32249.0
STATS	 32768	 34815	  8085	 33831.0
STATS	 34816	 36863	  5034	 35640.0
STATS	 36864	 38911	   620	 37240.0
STATS	 38912	 40959	   207	 40248.0
STATS	 40960	 43007	   563	 42164.0
STATS	 43008	 45055	   453	 43857.0
STATS	 45056	 47103	   101	 45717.0
STATS	 47104	 49151	    11	 47962.0
STATS	 51200	 53247	     1	 52269.0
STATS	 53248	 55295	     4	 53962.0
STATS	 55296	 57343	     2	 55661.0
STATS	 65536	 69631	     1	 66714.0
STATS	 73728	 77823	     1	 74822.0
STATS	 81920	 86015	     1	 85038.0
STATS	mode	0	8085	 33831.0
STATS	mode	1	5034	 35640.0
STATS	mode	2	3203	 32249.0
STATS	mode_avg	 34078.5
STATS	summary	libc586	16384	     2.1
STATS	start	bytes=16384	func=lx64
STATS	 21504	 22527	   138	 22448.0
STATS	 22528	 23551	   183	 22892.0
STATS	 23552	 24575	   631	 24198.0
STATS	 24576	 25599	  3629	 25139.0
STATS	 25600	 26623	  3519	 26113.0
STATS	 26624	 27647	  5253	 27076.0
STATS	 27648	 28671	  3682	 28252.0
STATS	 28672	 29695	  1480	 29056.0
STATS	 29696	 30719	   380	 29920.0
STATS	 30720	 31743	    18	 31136.0
STATS	 31744	 32767	    15	 32509.0
STATS	 32768	 34815	   253	 34059.0
STATS	 34816	 36863	   522	 35820.0
STATS	 36864	 38911	   263	 37633.0
STATS	 38912	 40959	    24	 39369.0
STATS	 40960	 43007	     2	 41205.0
STATS	 47104	 49151	     5	 47778.0
STATS	 57344	 59391	     1	 57706.0
STATS	 61440	 63487	     1	 61488.0
STATS	 81920	 86015	     1	 85217.0
STATS	mode	0	5253	 27076.0
STATS	mode	1	3682	 28252.0
STATS	mode	2	3629	 25139.0
STATS	mode_avg	 26861.2
STATS	summary	lx64	16384	     1.6
STATS	start	bytes=16384	func=lx64si0
STATS	 20480	 21503	    87	 21464.0
STATS	 21504	 22527	   879	 22023.0
STATS	 22528	 23551	   138	 23011.0
STATS	 23552	 24575	  6242	 24169.0
STATS	 24576	 25599	  8616	 25045.0
STATS	 25600	 26623	  2928	 25945.0
STATS	 26624	 27647	    96	 26738.0
STATS	 29696	 30719	    20	 30410.0
STATS	 30720	 31743	    26	 31061.0
STATS	 31744	 32767	    87	 32460.0
STATS	 32768	 34815	   731	 33827.0
STATS	 34816	 36863	   137	 35192.0
STATS	 36864	 38911	     4	 37746.0
STATS	 38912	 40959	     1	 39129.0
STATS	 43008	 45055	     3	 44708.0
STATS	 45056	 47103	     3	 45825.0
STATS	 51200	 53247	     1	 52697.0
STATS	 90112	 94207	     1	 93712.0
STATS	mode	0	8616	 25045.0
STATS	mode	1	6242	 24169.0
STATS	mode	2	2928	 25945.0
STATS	mode_avg	 24885.7
STATS	summary	lx64si0	16384	     1.5
STATS	start	bytes=16384	func=lx128
STATS	 22528	 23551	   290	 22972.0
STATS	 23552	 24575	   377	 24171.0
STATS	 24576	 25599	  2061	 25257.0
STATS	 25600	 26623	  3780	 26112.0
STATS	 26624	 27647	  5549	 27245.0
STATS	 27648	 28671	  3484	 28167.0
STATS	 28672	 29695	  2624	 28984.0
STATS	 29696	 30719	   668	 29983.0
STATS	 30720	 31743	    62	 31000.0
STATS	 31744	 32767	    12	 32382.0
STATS	 32768	 34815	   204	 34121.0
STATS	 34816	 36863	   538	 35914.0
STATS	 36864	 38911	   307	 37708.0
STATS	 38912	 40959	    33	 39529.0
STATS	 40960	 43007	     2	 41959.0
STATS	 45056	 47103	     2	 46219.0
STATS	 47104	 49151	     1	 47428.0
STATS	 49152	 51199	     2	 49752.0
STATS	 65536	 69631	     1	 67957.0
STATS	 81920	 86015	     1	 85119.0
STATS	 86016	 90111	     1	 89355.0
STATS	114688	118783	     1	116005.0
STATS	mode	0	5549	 27245.0
STATS	mode	1	3780	 26112.0
STATS	mode	2	3484	 28167.0
STATS	mode_avg	 27161.5
STATS	summary	lx128	16384	     1.7
bytes     memcpy libc586    lx64 lx64si0   lx128
    1024    1023    1766    1322    1303    1371
    2048    3581    3581    2684    2610    2700
    3072    5383    5372    4044    3909    4080
    4096    7165    7150    5535    5307    5638
    5120    8965    8950    6913    6635    7035
    6144   10755   10717    8270    8000    8363
    7168   12465   12345    9635    9288    9835
    8192   14285   14345   11010   10686   11195
    9216   16145   15940   12380   11970   12648
   10240   17915   17705   13673   13255   13740
   11264   19595   19535   15142   14627   15342
   12288   21400   21465   16695   16013   16972
   13312   23275   23255   18100   17375   18445
   14336   25123   25049   19483   18716   19759
   15360   26805   26817   20860   20005   21257
   16384   28700   28682   22342   21392   22597
