Memcpy test:
start	0
end	513
incr	1
ntry	20000
bytes     memcpy libc586    lx64 lx64si0   lx128
       0      72      66      80      75      85
       1     123      77      89      88      90
       2      89      77      91      90      92
       3      91      81      93      92      94
       4      93      81      89      88      90
       5      95      85      97      96      98
       6      97      85      99      98     100
       7      99      97     101     100     102
       8     110      83      91      90      92
       9     119      90     100      99     101
      10     121      90     102     101     103
      11     123     130     104     103     105
      12     113     123      94      93      95
      13     121     128     102     101     103
      14     123     128     104     103     105
      15     125     132     106     105     107
      16     115     125      96      95      97
      17     123     132     104     103     105
      18     125     132     106     105     107
      19     127     100     108     107     109
      20     117      90      98      97      99
      21     125      98     106     105     107
      22     127      98     108     107     109
      23     139     102     110     109     111
      24     119     129     100      99     101
      25     127     110     108     107     109
      26     129     102     110     109     111
      27     131     142     112     111     113
      28     121     131     102     101     103
      29     129     140     110     109     111
      30     131     140     112     111     113
      31     133     144     114     113     115
      32     117      90      98      97      99
      33     171     149     123     122     122
      34     172     144     127     116     126
      35     136     149     129     118     120
      36     163     138     117     117     118
      37     134     146     125     124     118
      38     173     150     119     118     128
      39     138     155     129     128     130
      40     166     138     120     120     120
      41     137     151     128     119     129
      42     176     152     134     121     123
      43     141     157     135     123     133
      44     169     104     123     113     123
      45     176     117     130     121     131
      46     179     117     124     123     131
      47     181     159     135     125     127
      48     133     143     125     115     117
      49     179     121     133     134     130
      50     181     121     137     125     131
      51     183     166     137     139     134
      52     135     108     146     127     124
      53     182     159     135     133     129
      54     183     160     149     127     129
      55     184     164     139     149     131
      56     174     110     130     119     121
      57     145     164     137     135     129
      58     184     127     156     139     131
      59     149     131     145     140     134
      60     139     149     131     121     123
      61     184     168     130     139     131
      62     149     167     140     131     131
      63     189     172     144     142     135
      64     135     108     120     115     119
      65     224     209     156     151     154
      66     227     212     155     153     156
      67     231     185     152     155     158
      68     218     196     155     152     148
      69     207     176     158     160     156
      70     230     176     162     154     157
      71     230     216     165     161     160
      72     221     195     169     155     148
      73     213     140     163     158     150
      74     231     184     167     166     160
      75     233     222     171     168     164
      76     223     197     169     158     152
      77     232     194     173     171     152
      78     234     182     167     166     162
      79     199     219     189     170     155
      80     200     198     174     152     135
      81     208     184     169     167     172
      82     236     221     184     170     164
      83     238     227     189     171     157
      84     192     200     175     166     157
      85     236     224     177     170     164
      86     238     223     196     172     167
      87     239     231     187     174     169
      88     229     203     164     161     159
      89     238     199     169     172     167
      90     239     229     174     174     169
      91     241     233     177     177     171
      92     204     198     174     165     161
      93     239     190     184     175     159
      94     225     204     184     177     170
      95     208     236     197     178     163
      96     192     194     159     163     156
      97     279     272     202     198     189
      98     282     271     206     201     198
      99     285     279     207     203     202
     100     273     246     197     184     190
     101     281     248     205     193     198
     102     283     276     208     203     202
     103     285     283     209     205     203
     104     276     213     199     195     174
     105     286     242     203     198     201
     106     286     283     210     198     185
     107     288     262     213     208     206
     108     278     252     203     198     195
     109     286     284     210     205     204
     110     288     283     211     202     206
     111     291     288     214     210     208
     112     266     254     204     195     179
     113     283     288     213     207     185
     114     281     287     215     210     208
     115     293     296     216     213     209
     116     283     255     206     198     199
     117     291     252     215     210     208
     118     293     289     217     212     201
     119     294     295     218     214     211
     120     284     221     208     204     184
     121     296     290     214     207     203
     122     296     292     204     213     211
     123     296     300     220     216     215
     124     286     259     211     206     204
     125     294     295     218     214     211
     126     296     297     215     215     213
     127     298     302     227     219     207
     128     283     256     184     183     199
     129     334     330     218     215     228
     130     300     303     219     217     230
     131     303     313     222     219     260
     132     328     268     218     215     255
     133     314     301     227     223     265
     134     301     303     228     225     269
     135     304     266     230     227     239
     136     314     268     220     217     224
     137     303     306     230     227     237
     138     341     306     231     229     269
     139     311     315     233     230     242
     140     301     297     223     221     229
     141     314     346     232     228     251
     142     308     331     235     231     242
     143     346     352     235     232     272
     144     319     309     225     222     235
     145     322     352     233     230     267
     146     313     311     237     232     275
     147     347     318     237     234     277
     148     339     276     228     224     246
     149     346     318     236     232     244
     150     348     353     236     234     276
     151     313     321     240     236     277
     152     306     312     230     226     268
     153     313     319     239     234     276
     154     332     318     239     236     247
     155     318     323     241     239     244
     156     341     243     231     228     266
     157     317     359     239     236     275
     158     342     321     241     239     249
     159     322     365     243     242     252
     160     301     313     227     224     267
     161     355     366     243     263     324
     162     355     401     247     263     239
     163     363     408     250     258     328
     164     350     319     239     257     313
     165     356     366     247     255     291
     166     393     405     250     258     284
     167     395     399     251     267     288
     168     386     346     242     257     250
     169     394     376     248     265     291
     170     359     411     252     267     244
     171     366     416     255     263     328
     172     353     361     244     249     290
     173     396     413     252     258     242
     174     363     412     254     260     329
     175     400     417     257     261     302
     176     357     361     246     249     262
     177     400     417     255     259     299
     178     402     416     256     259     299
     179     367     422     258     270     259
     180     393     336     245     250     260
     181     370     419     256     255     248
     182     371     418     259     270     274
     183     371     394     261     276     341
     184     357     368     251     250     323
     185     341     423     258     272     331
     186     371     422     261     260     334
     187     406     391     262     263     307
     188     361     371     252     258     259
     189     405     388     260     263     304
     190     406     424     263     273     298
     191     408     408     264     274     273
     192     358     366     244     241     283
     193     411     429     279     275     341
     194     413     466     280     277     381
     195     418     473     283     279     384
     196     401     411     279     274     371
     197     413     431     287     283     378
     198     414     470     289     285     378
     199     451     476     291     287     350
     200     441     387     279     277     302
     201     449     476     283     286     352
     202     451     475     286     288     297
     203     421     481     293     290     299
     204     409     384     282     280     345
     205     415     478     291     288     351
     206     422     478     291     290     388
     207     423     483     296     292     349
     208     446     420     286     282     348
     209     453     482     294     290     356
     210     456     423     296     292     307
     211     457     488     298     294     386
     212     411     389     287     284     312
     213     456     484     296     292     353
     214     425     450     298     294     351
     215     440     489     300     296     363
     216     418     423     290     286     274
     217     459     486     295     294     339
     218     459     488     299     296     389
     219     438     453     302     298     392
     220     451     424     291     288     343
     221     459     490     300     296     396
     222     461     489     299     298     396
     223     465     456     303     300     394
     224     449     420     288     283     306
     225     501     492     298     329     406
     226     501     492     303     332     436
     227     506     538     303     336     408
     228     495     466     293     321     383
     229     465     513     303     332     434
     230     505     495     303     331     427
     231     475     501     307     333     403
     232     465     433     301     335     393
     233     506     541     303     354     434
     234     475     540     324     335     416
     235     475     546     311     343     429
     236     500     473     306     333     385
     237     508     505     316     334     414
     238     479     542     311     337     408
     239     511     548     329     345     408
     240     485     475     319     336     398
     241     495     547     316     337     429
     242     509     511     325     340     439
     243     512     513     328     340     410
     244     505     476     310     334     402
     245     511     549     325     340     419
     246     514     548     327     340     441
     247     481     554     329     345     434
     248     472     479     315     332     368
     249     513     515     321     344     413
     250     505     553     332     360     415
     251     480     558     324     343     414
     252     506     480     316     346     437
     253     510     551     331     344     443
     254     516     515     317     350     418
     255     520     560     318     347     418
     256     468     463     316     314     322
     257     496     572     341     349     394
     258     514     596     345     350     409
     259     548     603     347     346     375
     260     549     492     344     334     402
     261     526     601     351     350     410
     262     557     600     353     358     384
     263     548     606     357     354     358
     264     551     524     345     344     408
     265     539     566     355     353     353
     266     561     566     354     363     379
     267     508     611     356     361     399
     268     523     495     349     346     410
     269     529     607     357     347     375
     270     526     607     359     348     373
     271     552     613     359     362     411
     272     556     529     343     341     370
     273     563     610     348     355     384
     274     516     611     357     362     414
     275     539     618     362     363     423
     276     529     531     353     350     415
     277     520     614     353     353     414
     278     537     613     356     363     403
     279     534     580     358     369     413
     280     536     532     348     355     419
     281     537     578     358     361     403
     282     513     617     365     365     420
     283     540     623     360     371     374
     284     524     534     351     359     424
     285     569     620     362     355     432
     286     571     620     366     357     407
     287     574     625     362     359     372
     288     523     530     346     355     402
     289     589     623     376     394     468
     290     573     661     379     396     462
     291     577     667     386     398     457
     292     570     577     378     389     415
     293     588     666     392     394     432
     294     614     664     388     396     461
     295     566     671     379     398     436
     296     586     581     374     391     459
     297     593     669     396     397     468
     298     616     633     382     397     438
     299     620     676     388     400     445
     300     568     581     379     390     451
     301     585     673     396     395     467
     302     585     672     397     398     476
     303     585     678     396     401     479
     304     611     585     370     389     453
     305     578     677     377     396     454
     306     567     676     383     399     479
     307     592     682     389     401     482
     308     612     588     385     394     469
     309     623     679     389     403     474
     310     580     678     381     407     474
     311     588     684     391     413     488
     312     574     555     386     406     467
     313     624     683     381     410     480
     314     626     683     383     398     471
     315     626     687     393     403     464
     316     579     557     396     404     448
     317     592     685     391     412     457
     318     626     684     405     415     470
     319     598     661     401     417     448
     320     570     586     372     394     469
     321     664     728     436     427     474
     322     667     693     427     428     480
     323     660     732     440     427     498
     324     657     630     442     427     483
     325     633     695     448     427     508
     326     666     730     458     428     472
     327     633     736     449     420     483
     328     662     633     442     427     513
     329     636     736     447     428     524
     330     638     735     424     437     519
     331     644     703     431     430     495
     332     628     639     442     429     518
     333     671     711     453     429     490
     334     643     737     430     428     528
     335     676     742     453     428     503
     336     656     639     451     405     520
     337     656     703     425     423     504
     338     654     741     435     438     493
     339     644     747     420     417     450
     340     670     635     445     417     495
     341     678     704     457     428     503
     342     667     743     441     437     485
     343     624     718     442     441     534
     344     636     644     433     430     508
     345     637     708     441     426     500
     346     681     747     442     443     505
     347     619     753     463     442     533
     348     639     645     438     429     505
     349     679     750     445     441     525
     350     681     749     444     429     525
     351     649     755     462     441     509
     352     635     642     445     412     496
     353     693     752     452     479     541
     354     689     755     497     474     544
     355     692     761     501     483     568
     356     691     682     481     471     558
     357     688     758     489     479     566
     358     725     795     451     483     566
     359     693     763     500     478     556
     360     683     658     490     470     558
     361     693     763     492     476     568
     362     693     762     497     478     559
     363     695     768     480     483     573
     364     688     658     480     469     561
     365     693     765     451     475     571
     366     698     765     491     477     571
     367     698     781     462     503     551
     368     721     670     488     444     546
     369     698     807     503     505     551
     370     703     806     501     506     576
     371     733     809     489     506     576
     372     723     696     494     500     581
     373     698     809     506     506     553
     374     703     808     491     513     576
     375     703     774     462     515     559
     376     725     699     445     504     568
     377     700     813     475     509     556
     378     736     812     460     514     562
     379     703     817     492     506     596
     380     696     699     445     495     567
     381     735     815     488     506     576
     382     737     814     490     507     564
     383     738     783     495     516     559
     384     722     696     483     482     457
     385     690     857     500     513     521
     386     690     856     502     513     540
     387     752     862     504     519     526
     388     693     721     489     521     477
     389     726     860     508     519     532
     390     763     860     499     520     564
     391     781     827     525     522     515
     392     715     745     502     514     512
     393     779     864     502     520     537
     394     782     866     526     528     537
     395     755     832     515     526     528
     396     743     715     505     525     507
     397     710     868     498     524     531
     398     750     868     515     527     541
     399     715     836     517     529     540
     400     746     748     507     523     530
     401     711     872     500     526     543
     402     753     843     517     532     530
     403     756     877     522     530     540
     404     770     723     509     519     532
     405     713     874     517     526     530
     406     758     835     510     544     554
     407     717     879     534     532     543
     408     746     752     500     523     529
     409     754     878     519     530     572
     410     759     877     521     530     506
     411     793     883     509     531     550
     412     742     754     497     525     526
     413     762     840     538     535     538
     414     760     879     513     534     545
     415     762     885     479     536     552
     416     746     751     504     520     523
     417     798     882     528     558     550
     418     813     921     534     559     619
     419     781     927     569     563     629
     420     751     764     554     551     577
     421     799     926     544     561     585
     422     800     889     568     554     594
     423     795     895     558     565     612
     424     796     798     552     554     588
     425     806     931     550     562     599
     426     806     930     569     565     600
     427     808     936     577     567     603
     428     785     801     567     557     550
     429     819     933     572     565     600
     430     813     932     570     567     607
     431     841     938     555     568     635
     432     798     776     553     558     585
     433     808     931     569     568     622
     434     809     935     555     569     595
     435     811     942     563     570     610
     436     803     807     553     560     547
     437     783     939     563     568     607
     438     823     898     565     570     599
     439     811     905     567     575     599
     440     794     809     551     562     599
     441     784     914     563     570     604
     442     779     942     559     590     604
     443     828     948     564     574     600
     444     806     809     527     555     606
     445     846     945     566     572     591
     446     824     907     575     568     609
     447     808     947     577     579     603
     448     833     788     558     523     598
     449     885     952     589     558     647
     450     858     986     599     559     646
     451     888     989     591     562     646
     452     879     816     600     560     637
     453     853     952     600     565     633
     454     887     990     601     566     654
     455     891     990     618     568     663
     456     847     853     597     557     666
     457     856     984     601     569     660
     458     861     995     609     569     658
     459     894     998     606     573     651
     460     883     823     590     561     656
     461     891     995     601     569     647
     462     860     991     606     571     650
     463     893    1003     612     576     676
     464     866     858     604     563     644
     465     860     964     611     576     656
     466     895    1001     609     573     653
     467     897     992     625     575     673
     468     887     860     599     568     671
     469     896     965     607     573     646
     470     888    1003     610     592     668
     471     863    1009     615     577     668
     472     889     863     617     568     654
     473     897     972     634     575     657
     474     829     927     627     578     656
     475     868    1010     615     580     676
     476     855     864     603     585     661
     477     899    1010     627     594     658
     478     901    1009     617     579     680
     479     903    1008     617     582     674
     480     854     860     615     565     640
     481     941    1018     614     627     749
     482     943    1051     591     633     714
     483     946    1055     653     631     753
     484     932     902     644     631     744
     485     908    1056     614     638     752
     486     945    1055     620     639     754
     487     912    1061     656     614     756
     488     902     910     636     631     746
     489     946    1022     616     632     754
     490     915    1020     623     642     719
     491     949    1066     658     642     719
     492     905     912     608     632     749
     493     947    1030     621     638     711
     494     915    1022     656     637     759
     495     917    1068     659     643     761
     496     907     880     611     624     719
     497     951    1028     636     632     729
     498     920    1066     638     634     739
     499     954    1072     621     634     764
     500     912     917     639     645     724
     501     921    1029     655     653     761
     502     954    1032     630     651     734
     503     956    1074     625     638     764
     504     946     885     622     626     711
     505     954    1073     621     656     763
     506     954    1032     623     657     764
     507     958    1074     625     651     729
     508     913     888     615     617     724
     509     956    1039     621     658     744
     510     924    1075     623     659     766
     511     959    1042     658     661     769
     512     944     917     655     613     633
     513     965    1081     669     652     680
