Memcpy test:
start	1024
end	16384
incr	1024
ntry	20000
bytes     memcpy libc586    lx64 lx64si0   lx128
    1024    1023    1766    1322    1303    1371
    2048    3581    3581    2684    2610    2700
    3072    5383    5372    4044    3909    4080
    4096    7165    7150    5535    5307    5638
    5120    8965    8950    6913    6635    7035
    6144   10755   10717    8270    8000    8363
    7168   12465   12345    9635    9288    9835
    8192   14285   14345   11010   10686   11195
    9216   16145   15940   12380   11970   12648
   10240   17915   17705   13673   13255   13740
   11264   19595   19535   15142   14627   15342
   12288   21400   21465   16695   16013   16972
   13312   23275   23255   18100   17375   18445
   14336   25123   25049   19483   18716   19759
   15360   26805   26817   20860   20005   21257
   16384   28700   28682   22342   21392   22597
