Memcpy test:
start	1024
end	16384
incr	1024
ntry	20000
STATS	start	bytes=1024	func=memcpy
STATS	  1984	  2047	  2704	  2028.0
STATS	  2048	  2175	 11762	  2080.0
STATS	  2176	  2303	  1743	  2235.0
STATS	  2304	  2431	  3051	  2346.0
STATS	  2432	  2559	   233	  2473.0
STATS	  2560	  2687	    92	  2618.0
STATS	  2688	  2815	    46	  2734.0
STATS	  2816	  2943	     4	  2891.0
STATS	  2944	  3071	     1	  2958.0
STATS	  3328	  3455	     1	  3441.0
STATS	  5632	  5887	     6	  5874.0
STATS	  5888	  6143	   129	  5997.0
STATS	  6144	  6399	    44	  6252.0
STATS	  6400	  6655	    10	  6525.0
STATS	  6656	  6911	     8	  6721.0
STATS	  6912	  7167	     1	  6983.0
STATS	  7168	  7423	     1	  7352.0
STATS	  7424	  7679	    24	  7546.0
STATS	  7680	  7935	    18	  7795.0
STATS	  7936	  8191	     5	  8057.0
STATS	  8192	  8703	     1	  8348.0
STATS	  9216	  9727	     5	  9466.0
STATS	  9728	 10239	     1	  9812.0
STATS	 10240	 10751	    20	 10706.0
STATS	 10752	 11263	    80	 10895.0
STATS	 11264	 11775	     2	 11292.0
STATS	 11776	 12287	     1	 11823.0
STATS	 12288	 12799	     1	 12359.0
STATS	 12800	 13311	     1	 13135.0
STATS	 14336	 14847	     1	 14727.0
STATS	 14848	 15359	     1	 15314.0
STATS	 15360	 15871	     1	 15680.0
STATS	 16384	 17407	     1	 17403.0
STATS	2883584	3014655	     1	2987673.0
STATS	mode	0	11762	  2080.0
STATS	mode	1	3051	  2346.0
STATS	mode	2	2704	  2028.0
STATS	mode_avg	  2118.3
STATS	summary	memcpy	1024	     2.1
STATS	start	bytes=1024	func=libc586
STATS	  1920	  1983	     5	  1965.0
STATS	  1984	  2047	  8562	  2031.0
STATS	  2048	  2175	  6570	  2095.0
STATS	  2176	  2303	  1513	  2242.0
STATS	  2304	  2431	  2966	  2335.0
STATS	  2432	  2559	   139	  2477.0
STATS	  2560	  2687	    95	  2621.0
STATS	  2688	  2815	    32	  2720.0
STATS	  2816	  2943	     7	  2867.0
STATS	  2944	  3071	     2	  2973.0
STATS	 10240	 10751	    62	 10649.0
STATS	 10752	 11263	    39	 10905.0
STATS	 11264	 11775	     1	 11321.0
STATS	 11776	 12287	     2	 12102.0
STATS	 12800	 13311	     1	 13012.0
STATS	 13312	 13823	     2	 13478.0
STATS	 15360	 15871	     1	 15488.0
STATS	 26624	 27647	     1	 26918.0
STATS	mode	0	8562	  2031.0
STATS	mode	1	6570	  2095.0
STATS	mode	2	2966	  2335.0
STATS	mode_avg	  2104.1
STATS	summary	libc586	1024	     2.1
STATS	start	bytes=1024	func=lx64
STATS	  1280	  1343	   231	  1306.0
STATS	  1344	  1407	  6092	  1380.0
STATS	  1408	  1471	  3944	  1435.0
STATS	  1472	  1535	   956	  1498.0
STATS	  1536	  1599	  1668	  1578.0
STATS	  1600	  1663	  1468	  1635.0
STATS	  1664	  1727	   984	  1691.0
STATS	  1728	  1791	   415	  1752.0
STATS	  1792	  1855	   525	  1842.0
STATS	  1856	  1919	  1429	  1893.0
STATS	  1920	  1983	  1343	  1952.0
STATS	  1984	  2047	   502	  2016.0
STATS	  2048	  2175	   328	  2094.0
STATS	  2176	  2303	    39	  2221.0
STATS	  2304	  2431	     4	  2330.0
STATS	  2432	  2559	     1	  2484.0
STATS	  2560	  2687	     1	  2659.0
STATS	  9728	 10239	    34	 10048.0
STATS	 10240	 10751	    30	 10485.0
STATS	 11264	 11775	     3	 11333.0
STATS	 11776	 12287	     1	 12262.0
STATS	 14336	 14847	     1	 14745.0
STATS	 65536	 69631	     1	 69169.0
STATS	mode	0	6092	  1380.0
STATS	mode	1	3944	  1435.0
STATS	mode	2	1668	  1578.0
STATS	mode_avg	  1426.8
STATS	summary	lx64	1024	     1.4
STATS	start	bytes=1024	func=lx64si0
STATS	  1088	  1151	     7	  1142.0
STATS	  1152	  1215	  1527	  1195.0
STATS	  1216	  1279	  4763	  1263.0
STATS	  1280	  1343	  4223	  1309.0
STATS	  1344	  1407	  1074	  1377.0
STATS	  1408	  1471	  1964	  1438.0
STATS	  1472	  1535	  1495	  1500.0
STATS	  1536	  1599	   671	  1561.0
STATS	  1600	  1663	  1588	  1644.0
STATS	  1664	  1727	  1756	  1692.0
STATS	  1728	  1791	   464	  1755.0
STATS	  1792	  1855	   216	  1817.0
STATS	  1856	  1919	    87	  1885.0
STATS	  1920	  1983	    51	  1950.0
STATS	  1984	  2047	    24	  2005.0
STATS	  2048	  2175	    16	  2091.0
STATS	  2176	  2303	     5	  2222.0
STATS	  2304	  2431	     2	  2348.0
STATS	  9216	  9727	     1	  9725.0
STATS	  9728	 10239	    49	  9954.0
STATS	 10240	 10751	    12	 10338.0
STATS	 10752	 11263	     1	 11110.0
STATS	 11264	 11775	     1	 11662.0
STATS	 12288	 12799	     1	 12582.0
STATS	 14336	 14847	     1	 14663.0
STATS	 61440	 63487	     1	 63156.0
STATS	mode	0	4763	  1263.0
STATS	mode	1	4223	  1309.0
STATS	mode	2	1964	  1438.0
STATS	mode_avg	  1312.1
STATS	summary	lx64si0	1024	     1.3
STATS	start	bytes=1024	func=lx128
STATS	  1344	  1407	     9	  1389.0
STATS	  1408	  1471	  5849	  1427.0
STATS	  1472	  1535	  1629	  1489.0
STATS	  1536	  1599	  4663	  1566.0
STATS	  1600	  1663	  2350	  1626.0
STATS	  1664	  1727	   972	  1688.0
STATS	  1728	  1791	  2175	  1750.0
STATS	  1792	  1855	   794	  1816.0
STATS	  1856	  1919	   422	  1891.0
STATS	  1920	  1983	   783	  1942.0
STATS	  1984	  2047	   184	  2005.0
STATS	  2048	  2175	    72	  2101.0
STATS	  2176	  2303	    19	  2238.0
STATS	  2304	  2431	     1	  2304.0
STATS	  2560	  2687	     1	  2681.0
STATS	  9728	 10239	    43	 10084.0
STATS	 10240	 10751	    29	 10364.0
STATS	 10752	 11263	     1	 10818.0
STATS	 11264	 11775	     1	 11519.0
STATS	 12288	 12799	     2	 12559.0
STATS	 13824	 14335	     1	 13997.0
STATS	mode	0	5849	  1427.0
STATS	mode	1	4663	  1566.0
STATS	mode	2	2350	  1626.0
STATS	mode_avg	  1513.8
STATS	summary	lx128	1024	     1.5
STATS	start	bytes=2048	func=memcpy
STATS	  3840	  3967	    48	  3954.0
STATS	  3968	  4095	 10509	  4029.0
STATS	  4096	  4351	  4956	  4199.0
STATS	  4352	  4607	  3463	  4489.0
STATS	  4608	  4863	   693	  4679.0
STATS	  4864	  5119	    86	  4958.0
STATS	  5120	  5375	    26	  5200.0
STATS	  5376	  5631	     4	  5486.0
STATS	 12288	 12799	    70	 12717.0
STATS	 12800	 13311	   116	 12989.0
STATS	 13312	 13823	    20	 13432.0
STATS	 13824	 14335	     3	 13972.0
STATS	 14336	 14847	     2	 14349.0
STATS	 14848	 15359	     1	 15272.0
STATS	 15360	 15871	     1	 15629.0
STATS	 16384	 17407	     1	 16656.0
STATS	 18432	 19455	     1	 18551.0
STATS	mode	0	10509	  4029.0
STATS	mode	1	4956	  4199.0
STATS	mode	2	3463	  4489.0
STATS	mode_avg	  4157.7
STATS	summary	memcpy	2048	     2.0
STATS	start	bytes=2048	func=libc586
STATS	  3840	  3967	  2578	  3960.0
STATS	  3968	  4095	  9012	  4023.0
STATS	  4096	  4351	  4620	  4218.0
STATS	  4352	  4607	  2701	  4499.0
STATS	  4608	  4863	   611	  4686.0
STATS	  4864	  5119	    55	  4986.0
STATS	  5120	  5375	    89	  5211.0
STATS	  5376	  5631	    45	  5505.0
STATS	  5632	  5887	    34	  5747.0
STATS	  5888	  6143	    19	  5972.0
STATS	  6144	  6399	    10	  6288.0
STATS	  6400	  6655	     4	  6517.0
STATS	  6656	  6911	     1	  6659.0
STATS	  6912	  7167	     1	  6924.0
STATS	 12288	 12799	   131	 12629.0
STATS	 12800	 13311	    68	 13019.0
STATS	 13312	 13823	     5	 13371.0
STATS	 13824	 14335	     4	 14052.0
STATS	 14848	 15359	     3	 15138.0
STATS	 15872	 16383	     1	 15985.0
STATS	 16384	 17407	     2	 16927.0
STATS	 17408	 18431	     1	 17499.0
STATS	 20480	 21503	     1	 21298.0
STATS	 47104	 49151	     1	 48054.0
STATS	 73728	 77823	     1	 77357.0
STATS	 81920	 86015	     1	 82678.0
STATS	147456	155647	     1	150706.0
STATS	mode	0	9012	  4023.0
STATS	mode	1	4620	  4218.0
STATS	mode	2	2701	  4499.0
STATS	mode_avg	  4156.9
STATS	summary	libc586	2048	     2.0
STATS	start	bytes=2048	func=lx64
STATS	  2560	  2687	    12	  2667.0
STATS	  2688	  2815	  5645	  2770.0
STATS	  2816	  2943	  4772	  2889.0
STATS	  2944	  3071	  2631	  2993.0
STATS	  3072	  3199	   889	  3125.0
STATS	  3200	  3327	  1115	  3274.0
STATS	  3328	  3455	   695	  3386.0
STATS	  3456	  3583	  1387	  3506.0
STATS	  3584	  3711	   325	  3632.0
STATS	  3712	  3839	  1323	  3788.0
STATS	  3840	  3967	   870	  3892.0
STATS	  3968	  4095	   129	  4016.0
STATS	  4096	  4351	    48	  4165.0
STATS	  4352	  4607	     2	  4390.0
STATS	 10752	 11263	     2	 11198.0
STATS	 11264	 11775	    90	 11500.0
STATS	 11776	 12287	    35	 12038.0
STATS	 12288	 12799	    24	 12444.0
STATS	 12800	 13311	     1	 13216.0
STATS	 13312	 13823	     2	 13547.0
STATS	 13824	 14335	     1	 14000.0
STATS	 15360	 15871	     1	 15639.0
STATS	 15872	 16383	     1	 16354.0
STATS	mode	0	5645	  2770.0
STATS	mode	1	4772	  2889.0
STATS	mode	2	2631	  2993.0
STATS	mode_avg	  2858.5
STATS	summary	lx64	2048	     1.4
STATS	start	bytes=2048	func=lx64si0
STATS	  2304	  2431	    21	  2405.0
STATS	  2432	  2559	  8457	  2501.0
STATS	  2560	  2687	  4340	  2605.0
STATS	  2688	  2815	  1256	  2752.0
STATS	  2816	  2943	  1431	  2863.0
STATS	  2944	  3071	  1297	  3025.0
STATS	  3072	  3199	   742	  3132.0
STATS	  3200	  3327	  1843	  3251.0
STATS	  3328	  3455	   324	  3375.0
STATS	  3456	  3583	    95	  3512.0
STATS	  3584	  3711	    35	  3648.0
STATS	  3712	  3839	    18	  3779.0
STATS	  3840	  3967	     8	  3887.0
STATS	  3968	  4095	     3	  4008.0
STATS	 10752	 11263	    67	 11139.0
STATS	 11264	 11775	    43	 11445.0
STATS	 11776	 12287	    18	 11900.0
STATS	 12800	 13311	     1	 13086.0
STATS	 15872	 16383	     1	 16123.0
STATS	mode	0	8457	  2501.0
STATS	mode	1	4340	  2605.0
STATS	mode	2	1843	  3251.0
STATS	mode_avg	  2626.2
STATS	summary	lx64si0	2048	     1.3
STATS	start	bytes=2048	func=lx128
STATS	  2688	  2815	    15	  2803.0
STATS	  2816	  2943	  6766	  2859.0
STATS	  2944	  3071	  1161	  3022.0
STATS	  3072	  3199	  4757	  3121.0
STATS	  3200	  3327	  2157	  3260.0
STATS	  3328	  3455	   761	  3376.0
STATS	  3456	  3583	  1904	  3548.0
STATS	  3584	  3711	  1621	  3629.0
STATS	  3712	  3839	   488	  3766.0
STATS	  3840	  3967	   140	  3892.0
STATS	  3968	  4095	    53	  4023.0
STATS	  4096	  4351	    20	  4177.0
STATS	  4352	  4607	     2	  4395.0
STATS	 11264	 11775	    77	 11579.0
STATS	 11776	 12287	    62	 12019.0
STATS	 12288	 12799	     9	 12373.0
STATS	 12800	 13311	     2	 12891.0
STATS	 13312	 13823	     1	 13470.0
STATS	 14336	 14847	     1	 14584.0
STATS	 15360	 15871	     2	 15804.0
STATS	 16384	 17407	     1	 16922.0
STATS	mode	0	6766	  2859.0
STATS	mode	1	4757	  3121.0
STATS	mode	2	2157	  3260.0
STATS	mode_avg	  3013.3
STATS	summary	lx128	2048	     1.5
STATS	start	bytes=3072	func=memcpy
STATS	  5632	  5887	    35	  5871.0
STATS	  5888	  6143	 12553	  6016.0
STATS	  6144	  6399	  2566	  6255.0
STATS	  6400	  6655	  1967	  6563.0
STATS	  6656	  6911	  2029	  6808.0
STATS	  6912	  7167	   382	  7003.0
STATS	  7168	  7423	    91	  7280.0
STATS	  7424	  7679	    40	  7557.0
STATS	  7680	  7935	    11	  7737.0
STATS	  7936	  8191	     2	  8012.0
STATS	 14336	 14847	   137	 14754.0
STATS	 14848	 15359	   129	 15028.0
STATS	 15360	 15871	    40	 15531.0
STATS	 15872	 16383	    10	 16051.0
STATS	 16384	 17407	     3	 16652.0
STATS	 17408	 18431	     2	 18008.0
STATS	 18432	 19455	     3	 18915.0
STATS	mode	0	12553	  6016.0
STATS	mode	1	2566	  6255.0
STATS	mode	2	2029	  6808.0
STATS	mode_avg	  6145.5
STATS	summary	memcpy	3072	     2.0
STATS	start	bytes=3072	func=libc586
STATS	  5632	  5887	    39	  5870.0
STATS	  5888	  6143	 12909	  5987.0
STATS	  6144	  6399	  2274	  6250.0
STATS	  6400	  6655	  2122	  6531.0
STATS	  6656	  6911	  1942	  6790.0
STATS	  6912	  7167	   280	  6998.0
STATS	  7168	  7423	    79	  7270.0
STATS	  7424	  7679	    38	  7550.0
STATS	  7680	  7935	     3	  7810.0
STATS	 14336	 14847	   206	 14594.0
STATS	 14848	 15359	    66	 15085.0
STATS	 15360	 15871	    31	 15492.0
STATS	 15872	 16383	     5	 16077.0
STATS	 16384	 17407	     2	 16500.0
STATS	 17408	 18431	     2	 17517.0
STATS	 18432	 19455	     1	 18479.0
STATS	 19456	 20479	     1	 20138.0
STATS	mode	0	12909	  5987.0
STATS	mode	1	2274	  6250.0
STATS	mode	2	2122	  6531.0
STATS	mode_avg	  6088.3
STATS	summary	libc586	3072	     2.0
STATS	start	bytes=3072	func=lx64
STATS	  3968	  4095	   691	  4081.0
STATS	  4096	  4351	  7783	  4249.0
STATS	  4352	  4607	  4729	  4434.0
STATS	  4608	  4863	  1703	  4724.0
STATS	  4864	  5119	   648	  4971.0
STATS	  5120	  5375	  1143	  5232.0
STATS	  5376	  5631	   983	  5453.0
STATS	  5632	  5887	  1803	  5757.0
STATS	  5888	  6143	   237	  5965.0
STATS	  6144	  6399	    35	  6244.0
STATS	  6400	  6655	     2	  6456.0
STATS	  6656	  6911	     1	  6670.0
STATS	 12288	 12799	    32	 12698.0
STATS	 12800	 13311	   124	 12985.0
STATS	 13312	 13823	    19	 13454.0
STATS	 13824	 14335	    39	 14099.0
STATS	 14336	 14847	    20	 14454.0
STATS	 14848	 15359	     3	 15065.0
STATS	 15872	 16383	     1	 16080.0
STATS	 17408	 18431	     1	 17621.0
STATS	 18432	 19455	     1	 18905.0
STATS	 65536	 69631	     1	 65933.0
STATS	 81920	 86015	     1	 84060.0
STATS	mode	0	7783	  4249.0
STATS	mode	1	4729	  4434.0
STATS	mode	2	1803	  5757.0
STATS	mode_avg	  4500.1
STATS	summary	lx64	3072	     1.5
STATS	start	bytes=3072	func=lx64si0
STATS	  3456	  3583	   509	  3568.0
STATS	  3584	  3711	  3065	  3632.0
STATS	  3712	  3839	  5289	  3784.0
STATS	  3840	  3967	  3569	  3889.0
STATS	  3968	  4095	  1216	  4031.0
STATS	  4096	  4351	  1757	  4203.0
STATS	  4352	  4607	  1217	  4440.0
STATS	  4608	  4863	  2340	  4742.0
STATS	  4864	  5119	   693	  4947.0
STATS	  5120	  5375	    96	  5209.0
STATS	  5376	  5631	    44	  5495.0
STATS	  5632	  5887	    10	  5753.0
STATS	 11776	 12287	    16	 12231.0
STATS	 12288	 12799	   107	 12531.0
STATS	 12800	 13311	    39	 13032.0
STATS	 13312	 13823	    26	 13523.0
STATS	 13824	 14335	     3	 13929.0
STATS	 14336	 14847	     1	 14756.0
STATS	 14848	 15359	     1	 15291.0
STATS	 16384	 17407	     1	 17271.0
STATS	 17408	 18431	     1	 18230.0
STATS	mode	0	5289	  3784.0
STATS	mode	1	3569	  3889.0
STATS	mode	2	3065	  3632.0
STATS	mode_avg	  3776.4
STATS	summary	lx64si0	3072	     1.2
STATS	start	bytes=3072	func=lx128
STATS	  4096	  4351	    66	  4314.0
STATS	  4352	  4607	 11540	  4477.0
STATS	  4608	  4863	  2842	  4706.0
STATS	  4864	  5119	  1456	  5011.0
STATS	  5120	  5375	  1077	  5257.0
STATS	  5376	  5631	  2122	  5505.0
STATS	  5632	  5887	   556	  5711.0
STATS	  5888	  6143	    77	  5996.0
STATS	  6144	  6399	    12	  6230.0
STATS	  6400	  6655	     5	  6504.0
STATS	 12288	 12799	     2	 12748.0
STATS	 12800	 13311	   148	 13099.0
STATS	 13312	 13823	    41	 13526.0
STATS	 13824	 14335	    42	 14067.0
STATS	 14336	 14847	     7	 14484.0
STATS	 14848	 15359	     3	 15076.0
STATS	 15360	 15871	     1	 15442.0
STATS	 15872	 16383	     2	 16049.0
STATS	 16384	 17407	     1	 17226.0
STATS	mode	0	11540	  4477.0
STATS	mode	1	2842	  4706.0
STATS	mode	2	2122	  5505.0
STATS	mode_avg	  4648.6
STATS	summary	lx128	3072	     1.5
STATS	start	bytes=4096	func=memcpy
STATS	  7680	  7935	  1372	  7918.0
STATS	  7936	  8191	 10176	  8007.0
STATS	  8192	  8703	  4094	  8311.0
STATS	  8704	  9215	  3661	  8864.0
STATS	  9216	  9727	   233	  9398.0
STATS	  9728	 10239	    38	  9881.0
STATS	 10240	 10751	     2	 10260.0
STATS	 16384	 17407	   317	 16855.0
STATS	 17408	 18431	    99	 17667.0
STATS	 18432	 19455	     3	 18890.0
STATS	 20480	 21503	     4	 20716.0
STATS	 21504	 22527	     1	 21582.0
STATS	mode	0	10176	  8007.0
STATS	mode	1	4094	  8311.0
STATS	mode	2	3661	  8864.0
STATS	mode_avg	  8251.4
STATS	summary	memcpy	4096	     2.0
STATS	start	bytes=4096	func=libc586
STATS	  7680	  7935	  5283	  7910.0
STATS	  7936	  8191	  6540	  8020.0
STATS	  8192	  8703	  3881	  8294.0
STATS	  8704	  9215	  3646	  8831.0
STATS	  9216	  9727	   206	  9395.0
STATS	  9728	 10239	    30	  9875.0
STATS	 15872	 16383	     6	 16354.0
STATS	 16384	 17407	   350	 16729.0
STATS	 17408	 18431	    50	 17659.0
STATS	 18432	 19455	     3	 18935.0
STATS	 19456	 20479	     2	 20205.0
STATS	 20480	 21503	     3	 21142.0
STATS	mode	0	6540	  8020.0
STATS	mode	1	5283	  7910.0
STATS	mode	2	3881	  8294.0
STATS	mode_avg	  8050.7
STATS	summary	libc586	4096	     2.0
STATS	start	bytes=4096	func=lx64
STATS	  5376	  5631	  2877	  5598.0
STATS	  5632	  5887	  7450	  5723.0
STATS	  5888	  6143	  1638	  5992.0
STATS	  6144	  6399	  3000	  6256.0
STATS	  6400	  6655	   643	  6493.0
STATS	  6656	  6911	   152	  6752.0
STATS	  6912	  7167	  2100	  7090.0
STATS	  7168	  7423	  1067	  7249.0
STATS	  7424	  7679	   348	  7605.0
STATS	  7680	  7935	   368	  7777.0
STATS	  7936	  8191	    43	  8039.0
STATS	  8192	  8703	     3	  8253.0
STATS	 13824	 14335	    93	 14239.0
STATS	 14336	 14847	   105	 14519.0
STATS	 14848	 15359	    33	 15009.0
STATS	 15360	 15871	    55	 15679.0
STATS	 15872	 16383	    15	 16189.0
STATS	 16384	 17407	     6	 16737.0
STATS	 17408	 18431	     2	 18114.0
STATS	 18432	 19455	     1	 19015.0
STATS	 65536	 69631	     1	 65873.0
STATS	mode	0	7450	  5723.0
STATS	mode	1	3000	  6256.0
STATS	mode	2	2877	  5598.0
STATS	mode_avg	  5816.0
STATS	summary	lx64	4096	     1.4
STATS	start	bytes=4096	func=lx64si0
STATS	  4608	  4863	    18	  4856.0
STATS	  4864	  5119	 10288	  4962.0
STATS	  5120	  5375	  1937	  5238.0
STATS	  5376	  5631	  3131	  5452.0
STATS	  5632	  5887	   377	  5742.0
STATS	  5888	  6143	  2812	  5986.0
STATS	  6144	  6399	   480	  6258.0
STATS	  6400	  6655	   542	  6480.0
STATS	  6656	  6911	   106	  6765.0
STATS	  6912	  7167	    31	  7012.0
STATS	  7168	  7423	     6	  7296.0
STATS	  7424	  7679	     1	  7584.0
STATS	 13312	 13823	   137	 13636.0
STATS	 13824	 14335	    52	 14056.0
STATS	 14336	 14847	    45	 14625.0
STATS	 14848	 15359	    24	 15075.0
STATS	 15360	 15871	     6	 15578.0
STATS	 15872	 16383	     2	 16216.0
STATS	 16384	 17407	     1	 16750.0
STATS	 17408	 18431	     1	 17695.0
STATS	 18432	 19455	     1	 19290.0
STATS	 19456	 20479	     1	 19935.0
STATS	 65536	 69631	     1	 66788.0
STATS	mode	0	10288	  4962.0
STATS	mode	1	3131	  5452.0
STATS	mode	2	2812	  5986.0
STATS	mode_avg	  5233.9
STATS	summary	lx64si0	4096	     1.3
STATS	start	bytes=4096	func=lx128
STATS	  5632	  5887	  1208	  5870.0
STATS	  5888	  6143	  9500	  5977.0
STATS	  6144	  6399	  2710	  6303.0
STATS	  6400	  6655	  1982	  6480.0
STATS	  6656	  6911	  1260	  6847.0
STATS	  6912	  7167	  2048	  7003.0
STATS	  7168	  7423	   576	  7318.0
STATS	  7424	  7679	   314	  7508.0
STATS	  7680	  7935	    54	  7784.0
STATS	  7936	  8191	    17	  8042.0
STATS	  8192	  8703	     4	  8314.0
STATS	  8704	  9215	     1	  8765.0
STATS	 14336	 14847	   179	 14601.0
STATS	 14848	 15359	    76	 15024.0
STATS	 15360	 15871	    47	 15587.0
STATS	 15872	 16383	    15	 16098.0
STATS	 16384	 17407	     5	 16725.0
STATS	 17408	 18431	     1	 17536.0
STATS	 18432	 19455	     2	 19214.0
STATS	 19456	 20479	     1	 20241.0
STATS	mode	0	9500	  5977.0
STATS	mode	1	2710	  6303.0
STATS	mode	2	2048	  7003.0
STATS	mode_avg	  6186.3
STATS	summary	lx128	4096	     1.5
STATS	start	bytes=5120	func=memcpy
STATS	  9728	 10239	 12738	  9980.0
STATS	 10240	 10751	  2926	 10467.0
STATS	 10752	 11263	  2644	 10994.0
STATS	 11264	 11775	  1041	 11397.0
STATS	 11776	 12287	   119	 11959.0
STATS	 12288	 12799	    15	 12473.0
STATS	 18432	 19455	   372	 18931.0
STATS	 19456	 20479	   128	 19937.0
STATS	 20480	 21503	    11	 20872.0
STATS	 21504	 22527	     1	 21595.0
STATS	 22528	 23551	     3	 22869.0
STATS	 24576	 25599	     1	 25511.0
STATS	524288	557055	     1	546102.0
STATS	mode	0	12738	  9980.0
STATS	mode	1	2926	 10467.0
STATS	mode	2	2644	 10994.0
STATS	mode_avg	 10204.3
STATS	summary	memcpy	5120	     2.0
STATS	start	bytes=5120	func=libc586
STATS	  9728	 10239	 12911	  9966.0
STATS	 10240	 10751	  2934	 10490.0
STATS	 10752	 11263	  2581	 11005.0
STATS	 11264	 11775	   912	 11393.0
STATS	 11776	 12287	   123	 11941.0
STATS	 12288	 12799	     8	 12421.0
STATS	 18432	 19455	   406	 18785.0
STATS	 19456	 20479	   106	 19858.0
STATS	 20480	 21503	    13	 20810.0
STATS	 21504	 22527	     2	 22080.0
STATS	 22528	 23551	     3	 22973.0
STATS	 24576	 25599	     1	 24695.0
STATS	mode	0	12911	  9966.0
STATS	mode	1	2934	 10490.0
STATS	mode	2	2581	 11005.0
STATS	mode_avg	 10195.0
STATS	summary	libc586	5120	     2.0
STATS	start	bytes=5120	func=lx64
STATS	  6656	  6911	     9	  6894.0
STATS	  6912	  7167	  6865	  7045.0
STATS	  7168	  7423	  4266	  7277.0
STATS	  7424	  7679	  1863	  7545.0
STATS	  7680	  7935	   917	  7789.0
STATS	  7936	  8191	   986	  8070.0
STATS	  8192	  8703	  1422	  8455.0
STATS	  8704	  9215	  1340	  8961.0
STATS	  9216	  9727	  1653	  9440.0
STATS	  9728	 10239	   270	  9841.0
STATS	 10240	 10751	     9	 10324.0
STATS	 11264	 11775	     3	 11450.0
STATS	 12288	 12799	     1	 12619.0
STATS	 15360	 15871	   113	 15750.0
STATS	 15872	 16383	   121	 16064.0
STATS	 16384	 17407	    63	 16906.0
STATS	 17408	 18431	    81	 17880.0
STATS	 18432	 19455	     7	 18741.0
STATS	 19456	 20479	     2	 19918.0
STATS	 20480	 21503	     3	 20774.0
STATS	 24576	 25599	     1	 24928.0
STATS	 45056	 47103	     1	 45819.0
STATS	 65536	 69631	     1	 68889.0
STATS	 81920	 86015	     1	 82462.0
STATS	106496	110591	     1	107705.0
STATS	131072	139263	     1	137417.0
STATS	mode	0	6865	  7045.0
STATS	mode	1	4266	  7277.0
STATS	mode	2	1863	  7545.0
STATS	mode_avg	  7192.9
STATS	summary	lx64	5120	     1.4
STATS	start	bytes=5120	func=lx64si0
STATS	  5888	  6143	  2103	  6110.0
STATS	  6144	  6399	  7877	  6246.0
STATS	  6400	  6655	  2794	  6511.0
STATS	  6656	  6911	  1496	  6773.0
STATS	  6912	  7167	  1102	  7037.0
STATS	  7168	  7423	  1133	  7298.0
STATS	  7424	  7679	   970	  7543.0
STATS	  7680	  7935	  1118	  7795.0
STATS	  7936	  8191	   790	  8059.0
STATS	  8192	  8703	   262	  8349.0
STATS	  8704	  9215	    22	  8845.0
STATS	 14336	 14847	    18	 14801.0
STATS	 14848	 15359	   168	 15048.0
STATS	 15360	 15871	    49	 15567.0
STATS	 15872	 16383	    45	 16139.0
STATS	 16384	 17407	    46	 16683.0
STATS	 17408	 18431	     4	 17644.0
STATS	 18432	 19455	     1	 18540.0
STATS	 19456	 20479	     1	 20434.0
STATS	 20480	 21503	     1	 20635.0
STATS	mode	0	7877	  6246.0
STATS	mode	1	2794	  6511.0
STATS	mode	2	2103	  6110.0
STATS	mode_avg	  6281.6
STATS	summary	lx64si0	5120	     1.2
STATS	start	bytes=5120	func=lx128
STATS	  7168	  7423	  4503	  7346.0
STATS	  7424	  7679	  6525	  7532.0
STATS	  7680	  7935	  2233	  7802.0
STATS	  7936	  8191	  1399	  8045.0
STATS	  8192	  8703	  1951	  8413.0
STATS	  8704	  9215	  1962	  9017.0
STATS	  9216	  9727	   965	  9378.0
STATS	  9728	 10239	    64	  9873.0
STATS	 10240	 10751	     3	 10307.0
STATS	 15872	 16383	   184	 16190.0
STATS	 16384	 17407	   124	 16731.0
STATS	 17408	 18431	    79	 17819.0
STATS	 18432	 19455	     4	 18860.0
STATS	 19456	 20479	     3	 19956.0
STATS	 21504	 22527	     1	 22238.0
STATS	mode	0	6525	  7532.0
STATS	mode	1	4503	  7346.0
STATS	mode	2	2233	  7802.0
STATS	mode_avg	  7514.3
STATS	summary	lx128	5120	     1.5
STATS	start	bytes=6144	func=memcpy
STATS	 11776	 12287	 12488	 11986.0
STATS	 12288	 12799	  2891	 12574.0
STATS	 12800	 13311	  2871	 13046.0
STATS	 13312	 13823	   963	 13500.0
STATS	 13824	 14335	   146	 13991.0
STATS	 14336	 14847	    15	 14505.0
STATS	 20480	 21503	   441	 20911.0
STATS	 21504	 22527	   164	 21923.0
STATS	 22528	 23551	    15	 22869.0
STATS	 23552	 24575	     2	 24132.0
STATS	 24576	 25599	     3	 25184.0
STATS	 25600	 26623	     1	 26271.0
STATS	mode	0	12488	 11986.0
STATS	mode	1	2891	 12574.0
STATS	mode	2	2871	 13046.0
STATS	mode_avg	 12245.9
STATS	summary	memcpy	6144	     2.0
STATS	start	bytes=6144	func=libc586
STATS	 11264	 11775	   137	 11772.0
STATS	 11776	 12287	 12493	 11959.0
STATS	 12288	 12799	  2987	 12577.0
STATS	 12800	 13311	  2800	 13036.0
STATS	 13312	 13823	   814	 13511.0
STATS	 13824	 14335	   123	 13962.0
STATS	 14336	 14847	    13	 14508.0
STATS	 19456	 20479	     5	 20432.0
STATS	 20480	 21503	   464	 20819.0
STATS	 21504	 22527	   148	 21844.0
STATS	 22528	 23551	     8	 23073.0
STATS	 23552	 24575	     1	 23893.0
STATS	 24576	 25599	     4	 24928.0
STATS	 25600	 26623	     1	 25618.0
STATS	 73728	 77823	     1	 74197.0
STATS	 81920	 86015	     1	 85456.0
STATS	mode	0	12493	 11959.0
STATS	mode	1	2987	 12577.0
STATS	mode	2	2800	 13036.0
STATS	mode_avg	 12225.0
STATS	summary	libc586	6144	     2.0
STATS	start	bytes=6144	func=lx64
STATS	  8192	  8703	  8173	  8512.0
STATS	  8704	  9215	  4590	  8930.0
STATS	  9216	  9727	  1167	  9384.0
STATS	  9728	 10239	  2120	 10044.0
STATS	 10240	 10751	  1901	 10555.0
STATS	 10752	 11263	  1043	 10966.0
STATS	 11264	 11775	   477	 11506.0
STATS	 11776	 12287	    50	 11895.0
STATS	 12288	 12799	     3	 12427.0
STATS	 16384	 17407	   161	 17231.0
STATS	 17408	 18431	   144	 17714.0
STATS	 18432	 19455	   110	 18988.0
STATS	 19456	 20479	    46	 19815.0
STATS	 20480	 21503	    11	 20871.0
STATS	 21504	 22527	     3	 21725.0
STATS	 65536	 69631	     1	 68183.0
STATS	mode	0	8173	  8512.0
STATS	mode	1	4590	  8930.0
STATS	mode	2	2120	 10044.0
STATS	mode_avg	  8859.1
STATS	summary	lx64	6144	     1.4
STATS	start	bytes=6144	func=lx64si0
STATS	  7168	  7423	  3908	  7371.0
STATS	  7424	  7679	  5615	  7518.0
STATS	  7680	  7935	  2772	  7796.0
STATS	  7936	  8191	  1252	  8041.0
STATS	  8192	  8703	  2500	  8497.0
STATS	  8704	  9215	  2416	  8968.0
STATS	  9216	  9727	   941	  9457.0
STATS	  9728	 10239	   162	  9876.0
STATS	 10240	 10751	    22	 10406.0
STATS	 10752	 11263	     1	 10844.0
STATS	 15872	 16383	   169	 16192.0
STATS	 16384	 17407	   146	 16843.0
STATS	 17408	 18431	    88	 17797.0
STATS	 18432	 19455	     3	 18958.0
STATS	 19456	 20479	     1	 20427.0
STATS	 20480	 21503	     3	 21135.0
STATS	 21504	 22527	     1	 21700.0
STATS	mode	0	5615	  7518.0
STATS	mode	1	3908	  7371.0
STATS	mode	2	2772	  7796.0
STATS	mode_avg	  7534.0
STATS	summary	lx64si0	6144	     1.2
STATS	start	bytes=6144	func=lx128
STATS	  8192	  8703	   988	  8675.0
STATS	  8704	  9215	  9421	  8940.0
STATS	  9216	  9727	  3438	  9425.0
STATS	  9728	 10239	  2443	  9986.0
STATS	 10240	 10751	  1954	 10563.0
STATS	 10752	 11263	  1130	 10986.0
STATS	 11264	 11775	   143	 11406.0
STATS	 11776	 12287	     6	 11914.0
STATS	 16384	 17407	    14	 17351.0
STATS	 17408	 18431	   291	 17814.0
STATS	 18432	 19455	   126	 18960.0
STATS	 19456	 20479	    41	 19818.0
STATS	 20480	 21503	     1	 21226.0
STATS	 21504	 22527	     2	 22043.0
STATS	 22528	 23551	     2	 22703.0
STATS	mode	0	9421	  8940.0
STATS	mode	1	3438	  9425.0
STATS	mode	2	2443	  9986.0
STATS	mode_avg	  9216.0
STATS	summary	lx128	6144	     1.5
STATS	start	bytes=7168	func=memcpy
STATS	 13312	 13823	  1696	 13796.0
STATS	 13824	 14335	 10029	 13990.0
STATS	 14336	 14847	  3316	 14595.0
STATS	 14848	 15359	  3178	 15052.0
STATS	 15360	 15871	   759	 15627.0
STATS	 15872	 16383	   271	 15988.0
STATS	 16384	 17407	    15	 16597.0
STATS	 21504	 22527	     2	 22512.0
STATS	 22528	 23551	   491	 22924.0
STATS	 23552	 24575	   203	 23927.0
STATS	 24576	 25599	    27	 24751.0
STATS	 25600	 26623	     5	 26000.0
STATS	 26624	 27647	     3	 27497.0
STATS	 27648	 28671	     2	 27963.0
STATS	 36864	 38911	     1	 38726.0
STATS	 73728	 77823	     1	 76410.0
STATS	 77824	 81919	     1	 80889.0
STATS	mode	0	10029	 13990.0
STATS	mode	1	3316	 14595.0
STATS	mode	2	3178	 15052.0
STATS	mode_avg	 14315.7
STATS	summary	memcpy	7168	     2.0
STATS	start	bytes=7168	func=libc586
STATS	 13312	 13823	  3202	 13783.0
STATS	 13824	 14335	  8558	 13994.0
STATS	 14336	 14847	  3321	 14610.0
STATS	 14848	 15359	  3104	 15030.0
STATS	 15360	 15871	   734	 15610.0
STATS	 15872	 16383	   313	 16006.0
STATS	 16384	 17407	    16	 16589.0
STATS	 17408	 18431	     2	 18113.0
STATS	 18432	 19455	     5	 18826.0
STATS	 19456	 20479	     2	 19945.0
STATS	 20480	 21503	     1	 20839.0
STATS	 21504	 22527	    52	 22486.0
STATS	 22528	 23551	   473	 22856.0
STATS	 23552	 24575	   185	 23855.0
STATS	 24576	 25599	    16	 24829.0
STATS	 25600	 26623	     6	 26042.0
STATS	 26624	 27647	     4	 27275.0
STATS	 27648	 28671	     1	 28096.0
STATS	 34816	 36863	     1	 35136.0
STATS	 51200	 53247	     1	 51747.0
STATS	106496	110591	     1	108139.0
STATS	114688	118783	     1	115235.0
STATS	139264	147455	     1	144453.0
STATS	mode	0	8558	 13994.0
STATS	mode	1	3321	 14610.0
STATS	mode	2	3202	 13783.0
STATS	mode_avg	 14084.9
STATS	summary	libc586	7168	     2.0
STATS	start	bytes=7168	func=lx64
STATS	  9216	  9727	   406	  9694.0
STATS	  9728	 10239	  7842	 10001.0
STATS	 10240	 10751	  3398	 10439.0
STATS	 10752	 11263	  1694	 10990.0
STATS	 11264	 11775	  2438	 11519.0
STATS	 11776	 12287	  2445	 12011.0
STATS	 12288	 12799	   499	 12454.0
STATS	 12800	 13311	   279	 13138.0
STATS	 13312	 13823	   414	 13556.0
STATS	 13824	 14335	    32	 13935.0
STATS	 14336	 14847	     1	 14356.0
STATS	 17408	 18431	     2	 18404.0
STATS	 18432	 19455	   291	 18874.0
STATS	 19456	 20479	   129	 20004.0
STATS	 20480	 21503	    99	 20805.0
STATS	 21504	 22527	    27	 22096.0
STATS	 23552	 24575	     3	 24131.0
STATS	 24576	 25599	     1	 24607.0
STATS	mode	0	7842	 10001.0
STATS	mode	1	3398	 10439.0
STATS	mode	2	2445	 12011.0
STATS	mode_avg	 10468.9
STATS	summary	lx64	7168	     1.5
STATS	start	bytes=7168	func=lx64si0
STATS	  8192	  8703	  4797	  8606.0
STATS	  8704	  9215	  6556	  8887.0
STATS	  9216	  9727	  2593	  9478.0
STATS	  9728	 10239	  3566	  9981.0
STATS	 10240	 10751	  1185	 10410.0
STATS	 10752	 11263	   628	 11072.0
STATS	 11264	 11775	   194	 11415.0
STATS	 11776	 12287	     8	 11970.0
STATS	 12288	 12799	     3	 12559.0
STATS	 16384	 17407	    64	 17329.0
STATS	 17408	 18431	   234	 17781.0
STATS	 18432	 19455	   140	 18825.0
STATS	 19456	 20479	    25	 19898.0
STATS	 21504	 22527	     2	 22122.0
STATS	 22528	 23551	     1	 22556.0
STATS	 23552	 24575	     2	 23876.0
STATS	 69632	 73727	     1	 70736.0
STATS	 77824	 81919	     1	 80453.0
STATS	mode	0	6556	  8887.0
STATS	mode	1	4797	  8606.0
STATS	mode	2	3566	  9981.0
STATS	mode_avg	  9058.1
STATS	summary	lx64si0	7168	     1.3
STATS	start	bytes=7168	func=lx128
STATS	  9728	 10239	   486	 10211.0
STATS	 10240	 10751	  9512	 10451.0
STATS	 10752	 11263	  2838	 10977.0
STATS	 11264	 11775	  2827	 11518.0
STATS	 11776	 12287	  2695	 11987.0
STATS	 12288	 12799	   391	 12489.0
STATS	 12800	 13311	   645	 12998.0
STATS	 13312	 13823	    36	 13468.0
STATS	 13824	 14335	     3	 13918.0
STATS	 18432	 19455	   256	 19177.0
STATS	 19456	 20479	   157	 19942.0
STATS	 20480	 21503	   115	 20786.0
STATS	 21504	 22527	    33	 21756.0
STATS	 22528	 23551	     4	 23060.0
STATS	 23552	 24575	     2	 23833.0
STATS	mode	0	9512	 10451.0
STATS	mode	1	2838	 10977.0
STATS	mode	2	2827	 11518.0
STATS	mode_avg	 10748.1
STATS	summary	lx128	7168	     1.5
STATS	start	bytes=8192	func=memcpy
STATS	 15360	 15871	  4245	 15811.0
STATS	 15872	 16383	  7519	 16064.0
STATS	 16384	 17407	  6320	 16891.0
STATS	 17408	 18431	  1052	 17770.0
STATS	 18432	 19455	    28	 18612.0
STATS	 23552	 24575	     1	 24567.0
STATS	 24576	 25599	   517	 25009.0
STATS	 25600	 26623	   263	 25978.0
STATS	 26624	 27647	    45	 26927.0
STATS	 27648	 28671	     2	 28449.0
STATS	 28672	 29695	     5	 29069.0
STATS	 29696	 30719	     2	 30302.0
STATS	 69632	 73727	     1	 73723.0
STATS	mode	0	7519	 16064.0
STATS	mode	1	6320	 16891.0
STATS	mode	2	4245	 15811.0
STATS	mode_avg	 16293.6
STATS	summary	memcpy	8192	     2.0
STATS	start	bytes=8192	func=libc586
STATS	 15360	 15871	  4991	 15773.0
STATS	 15872	 16383	  6793	 16063.0
STATS	 16384	 17407	  6335	 16874.0
STATS	 17408	 18431	  1013	 17764.0
STATS	 18432	 19455	    33	 18609.0
STATS	 23552	 24575	    86	 24515.0
STATS	 24576	 25599	   498	 24916.0
STATS	 25600	 26623	   208	 25912.0
STATS	 26624	 27647	    33	 26894.0
STATS	 27648	 28671	     4	 28276.0
STATS	 28672	 29695	     4	 29353.0
STATS	 73728	 77823	     1	 77696.0
STATS	 86016	 90111	     1	 86953.0
STATS	mode	0	6793	 16063.0
STATS	mode	1	6335	 16874.0
STATS	mode	2	4991	 15773.0
STATS	mode_avg	 16266.7
STATS	summary	libc586	8192	     2.0
STATS	start	bytes=8192	func=lx64
STATS	 10752	 11263	  1086	 11220.0
STATS	 11264	 11775	  6931	 11475.0
STATS	 11776	 12287	  3791	 11982.0
STATS	 12288	 12799	  1134	 12595.0
STATS	 12800	 13311	  2228	 13015.0
STATS	 13312	 13823	  2772	 13497.0
STATS	 13824	 14335	   598	 14027.0
STATS	 14336	 14847	   298	 14708.0
STATS	 14848	 15359	   503	 14997.0
STATS	 15360	 15871	    19	 15466.0
STATS	 15872	 16383	     1	 15958.0
STATS	 16384	 17407	     1	 16760.0
STATS	 19456	 20479	   223	 20219.0
STATS	 20480	 21503	   160	 20812.0
STATS	 21504	 22527	   174	 22010.0
STATS	 22528	 23551	    41	 22939.0
STATS	 23552	 24575	    31	 23820.0
STATS	 24576	 25599	     3	 24808.0
STATS	 26624	 27647	     2	 27003.0
STATS	 29696	 30719	     1	 30168.0
STATS	 36864	 38911	     1	 37498.0
STATS	 57344	 59391	     1	 57425.0
STATS	 81920	 86015	     1	 83753.0
STATS	mode	0	6931	 11475.0
STATS	mode	1	3791	 11982.0
STATS	mode	2	2772	 13497.0
STATS	mode_avg	 12032.8
STATS	summary	lx64	8192	     1.5
STATS	start	bytes=8192	func=lx64si0
STATS	  9216	  9727	     7	  9718.0
STATS	  9728	 10239	  8255	  9927.0
STATS	 10240	 10751	  3811	 10417.0
STATS	 10752	 11263	  2935	 10970.0
STATS	 11264	 11775	  3039	 11427.0
STATS	 11776	 12287	   684	 11970.0
STATS	 12288	 12799	   650	 12446.0
STATS	 12800	 13311	    69	 13002.0
STATS	 13312	 13823	     7	 13520.0
STATS	 18432	 19455	   309	 18898.0
STATS	 19456	 20479	   173	 20003.0
STATS	 20480	 21503	    49	 20981.0
STATS	 21504	 22527	     6	 21813.0
STATS	 22528	 23551	     4	 22804.0
STATS	 23552	 24575	     2	 23797.0
STATS	mode	0	8255	  9927.0
STATS	mode	1	3811	 10417.0
STATS	mode	2	3039	 11427.0
STATS	mode_avg	 10352.4
STATS	summary	lx64si0	8192	     1.3
STATS	start	bytes=8192	func=lx128
STATS	 11264	 11775	  1651	 11731.0
STATS	 11776	 12287	  7684	 11988.0
STATS	 12288	 12799	  3333	 12496.0
STATS	 12800	 13311	  2772	 13038.0
STATS	 13312	 13823	  2612	 13488.0
STATS	 13824	 14335	   574	 13999.0
STATS	 14336	 14847	   661	 14509.0
STATS	 14848	 15359	    64	 14989.0
STATS	 15360	 15871	     3	 15427.0
STATS	 15872	 16383	     1	 16028.0
STATS	 19456	 20479	    10	 20444.0
STATS	 20480	 21503	   371	 20861.0
STATS	 21504	 22527	   195	 22011.0
STATS	 22528	 23551	    58	 23042.0
STATS	 23552	 24575	     6	 24295.0
STATS	 24576	 25599	     1	 24847.0
STATS	 25600	 26623	     1	 26064.0
STATS	 26624	 27647	     1	 27069.0
STATS	 73728	 77823	     2	 76081.0
STATS	mode	0	7684	 11988.0
STATS	mode	1	3333	 12496.0
STATS	mode	2	2772	 13038.0
STATS	mode_avg	 12321.9
STATS	summary	lx128	8192	     1.5
STATS	start	bytes=9216	func=memcpy
STATS	 17408	 18431	 11484	 17957.0
STATS	 18432	 19455	  6069	 18954.0
STATS	 19456	 20479	  1411	 19839.0
STATS	 20480	 21503	    84	 20705.0
STATS	 21504	 22527	     2	 21988.0
STATS	 22528	 23551	     1	 22691.0
STATS	 23552	 24575	     1	 23678.0
STATS	 24576	 25599	     4	 24868.0
STATS	 25600	 26623	    44	 26578.0
STATS	 26624	 27647	   539	 26935.0
STATS	 27648	 28671	   289	 27997.0
STATS	 28672	 29695	    54	 28983.0
STATS	 29696	 30719	     6	 30191.0
STATS	 30720	 31743	     3	 31043.0
STATS	 31744	 32767	     4	 32215.0
STATS	 40960	 43007	     1	 40966.0
STATS	 55296	 57343	     1	 55860.0
STATS	106496	110591	     1	106808.0
STATS	122880	126975	     1	123620.0
STATS	147456	155647	     1	150689.0
STATS	mode	0	11484	 17957.0
STATS	mode	1	6069	 18954.0
STATS	mode	2	1411	 19839.0
STATS	mode_avg	 18416.1
STATS	summary	memcpy	9216	     2.0
STATS	start	bytes=9216	func=libc586
STATS	 17408	 18431	 11471	 17936.0
STATS	 18432	 19455	  6200	 18932.0
STATS	 19456	 20479	  1339	 19850.0
STATS	 20480	 21503	    50	 20651.0
STATS	 25600	 26623	   209	 26522.0
STATS	 26624	 27647	   434	 27001.0
STATS	 27648	 28671	   245	 27962.0
STATS	 28672	 29695	    33	 28887.0
STATS	 29696	 30719	     9	 30084.0
STATS	 30720	 31743	     8	 31203.0
STATS	 77824	 81919	     1	 79807.0
STATS	 86016	 90111	     1	 86348.0
STATS	mode	0	11471	 17936.0
STATS	mode	1	6200	 18932.0
STATS	mode	2	1339	 19850.0
STATS	mode_avg	 18395.7
STATS	summary	libc586	9216	     2.0
STATS	start	bytes=9216	func=lx64
STATS	 12288	 12799	  2675	 12696.0
STATS	 12800	 13311	  5963	 13030.0
STATS	 13312	 13823	  2587	 13524.0
STATS	 13824	 14335	  1265	 14053.0
STATS	 14336	 14847	  2109	 14695.0
STATS	 14848	 15359	  2907	 15050.0
STATS	 15360	 15871	   728	 15538.0
STATS	 15872	 16383	   417	 16133.0
STATS	 16384	 17407	   638	 16784.0
STATS	 17408	 18431	     4	 17550.0
STATS	 20480	 21503	    45	 21406.0
STATS	 21504	 22527	   328	 21915.0
STATS	 22528	 23551	   121	 23120.0
STATS	 23552	 24575	   161	 23883.0
STATS	 24576	 25599	    27	 25086.0
STATS	 25600	 26623	    21	 25974.0
STATS	 26624	 27647	     2	 27293.0
STATS	 28672	 29695	     1	 28807.0
STATS	 73728	 77823	     1	 75872.0
STATS	mode	0	5963	 13030.0
STATS	mode	1	2907	 15050.0
STATS	mode	2	2675	 12696.0
STATS	mode_avg	 13461.2
STATS	summary	lx64	9216	     1.5
STATS	start	bytes=9216	func=lx64si0
STATS	 10752	 11263	  5561	 11117.0
STATS	 11264	 11775	  4854	 11470.0
STATS	 11776	 12287	  2046	 11985.0
STATS	 12288	 12799	  3984	 12579.0
STATS	 12800	 13311	  1564	 12986.0
STATS	 13312	 13823	   737	 13556.0
STATS	 13824	 14335	   519	 14031.0
STATS	 14336	 14847	   100	 14525.0
STATS	 14848	 15359	    15	 15054.0
STATS	 15360	 15871	     2	 15468.0
STATS	 15872	 16383	     1	 16089.0
STATS	 19456	 20479	   287	 20073.0
STATS	 20480	 21503	   194	 21071.0
STATS	 21504	 22527	    97	 21845.0
STATS	 22528	 23551	    23	 22847.0
STATS	 23552	 24575	     3	 23927.0
STATS	 24576	 25599	     5	 24970.0
STATS	 26624	 27647	     1	 27286.0
STATS	 28672	 29695	     1	 28814.0
STATS	 30720	 31743	     1	 30787.0
STATS	 51200	 53247	     1	 51901.0
STATS	 53248	 55295	     1	 54764.0
STATS	 59392	 61439	     1	 61343.0
STATS	 81920	 86015	     1	 83478.0
STATS	172032	180223	     1	174600.0
STATS	mode	0	5561	 11117.0
STATS	mode	1	4854	 11470.0
STATS	mode	2	3984	 12579.0
STATS	mode_avg	 11640.5
STATS	summary	lx64si0	9216	     1.3
STATS	start	bytes=9216	func=lx128
STATS	 12800	 13311	  2825	 13217.0
STATS	 13312	 13823	  6566	 13521.0
STATS	 13824	 14335	  2780	 14039.0
STATS	 14336	 14847	  1640	 14664.0
STATS	 14848	 15359	  3691	 15037.0
STATS	 15360	 15871	   956	 15595.0
STATS	 15872	 16383	   428	 16114.0
STATS	 16384	 17407	   385	 16593.0
STATS	 17408	 18431	     1	 18115.0
STATS	 21504	 22527	   321	 22209.0
STATS	 22528	 23551	   160	 22921.0
STATS	 23552	 24575	   198	 23904.0
STATS	 24576	 25599	    31	 25025.0
STATS	 25600	 26623	    13	 25931.0
STATS	 26624	 27647	     2	 27314.0
STATS	 27648	 28671	     2	 28441.0
STATS	 73728	 77823	     1	 76691.0
STATS	mode	0	6566	 13521.0
STATS	mode	1	3691	 15037.0
STATS	mode	2	2825	 13217.0
STATS	mode_avg	 13883.1
STATS	summary	lx128	9216	     1.5
STATS	start	bytes=10240	func=memcpy
STATS	 19456	 20479	 10153	 19892.0
STATS	 20480	 21503	  7281	 20953.0
STATS	 21504	 22527	  1486	 21810.0
STATS	 22528	 23551	    32	 22677.0
STATS	 27648	 28671	    83	 28610.0
STATS	 28672	 29695	   530	 29021.0
STATS	 29696	 30719	   361	 30060.0
STATS	 30720	 31743	    61	 31032.0
STATS	 31744	 32767	     6	 32297.0
STATS	 32768	 34815	     6	 33856.0
STATS	 34816	 36863	     1	 34873.0
STATS	mode	0	10153	 19892.0
STATS	mode	1	7281	 20953.0
STATS	mode	2	1486	 21810.0
STATS	mode_avg	 20450.9
STATS	summary	memcpy	10240	     2.0
STATS	start	bytes=10240	func=libc586
STATS	 19456	 20479	 10120	 19876.0
STATS	 20480	 21503	  7403	 20948.0
STATS	 21504	 22527	  1388	 21816.0
STATS	 22528	 23551	    46	 22678.0
STATS	 27648	 28671	   286	 28539.0
STATS	 28672	 29695	   402	 29126.0
STATS	 29696	 30719	   306	 30007.0
STATS	 30720	 31743	    36	 31138.0
STATS	 31744	 32767	     5	 32337.0
STATS	 32768	 34815	     5	 33660.0
STATS	 34816	 36863	     1	 35326.0
STATS	 77824	 81919	     1	 81515.0
STATS	 86016	 90111	     1	 89066.0
STATS	mode	0	10120	 19876.0
STATS	mode	1	7403	 20948.0
STATS	mode	2	1388	 21816.0
STATS	mode_avg	 20438.0
STATS	summary	libc586	10240	     2.0
STATS	start	bytes=10240	func=lx64
STATS	 13824	 14335	  4674	 14177.0
STATS	 14336	 14847	  4540	 14538.0
STATS	 14848	 15359	   935	 15032.0
STATS	 15360	 15871	  1504	 15665.0
STATS	 15872	 16383	  2832	 16203.0
STATS	 16384	 17407	  3774	 16739.0
STATS	 17408	 18431	   763	 17730.0
STATS	 18432	 19455	   187	 18864.0
STATS	 19456	 20479	     1	 19515.0
STATS	 22528	 23551	   330	 23131.0
STATS	 23552	 24575	   106	 24136.0
STATS	 24576	 25599	   245	 25088.0
STATS	 25600	 26623	    72	 26059.0
STATS	 26624	 27647	    28	 27171.0
STATS	 27648	 28671	     4	 27931.0
STATS	 28672	 29695	     3	 29278.0
STATS	 29696	 30719	     1	 29968.0
STATS	 73728	 77823	     1	 75263.0
STATS	mode	0	4674	 14177.0
STATS	mode	1	4540	 14538.0
STATS	mode	2	3774	 16739.0
STATS	mode_avg	 15047.6
STATS	summary	lx64	10240	     1.5
STATS	start	bytes=10240	func=lx64si0
STATS	 11776	 12287	  1710	 12242.0
STATS	 12288	 12799	  6979	 12480.0
STATS	 12800	 13311	  1900	 13040.0
STATS	 13312	 13823	  3026	 13615.0
STATS	 13824	 14335	  3555	 14015.0
STATS	 14336	 14847	  1322	 14588.0
STATS	 14848	 15359	   594	 15041.0
STATS	 15360	 15871	   226	 15614.0
STATS	 15872	 16383	    28	 15992.0
STATS	 16384	 17407	     5	 16527.0
STATS	 20480	 21503	   265	 21168.0
STATS	 21504	 22527	   152	 22062.0
STATS	 22528	 23551	   183	 22848.0
STATS	 23552	 24575	    43	 23884.0
STATS	 24576	 25599	     6	 25004.0
STATS	 25600	 26623	     2	 25985.0
STATS	 27648	 28671	     2	 28106.0
STATS	 73728	 77823	     1	 75814.0
STATS	 81920	 86015	     1	 84553.0
STATS	mode	0	6979	 12480.0
STATS	mode	1	3555	 14015.0
STATS	mode	2	3026	 13615.0
STATS	mode_avg	 13135.7
STATS	summary	lx64si0	10240	     1.3
STATS	start	bytes=10240	func=lx128
STATS	 14336	 14847	  3826	 14686.0
STATS	 14848	 15359	  5206	 15050.0
STATS	 15360	 15871	  2028	 15618.0
STATS	 15872	 16383	  2293	 16144.0
STATS	 16384	 17407	  5059	 16748.0
STATS	 17408	 18431	   711	 17746.0
STATS	 18432	 19455	    52	 18618.0
STATS	 19456	 20479	     2	 20412.0
STATS	 20480	 21503	     3	 20635.0
STATS	 21504	 22527	     2	 21552.0
STATS	 22528	 23551	   116	 23407.0
STATS	 23552	 24575	   321	 23897.0
STATS	 24576	 25599	   247	 25138.0
STATS	 25600	 26623	   100	 25982.0
STATS	 26624	 27647	    18	 27068.0
STATS	 27648	 28671	     6	 28220.0
STATS	 28672	 29695	     1	 28948.0
STATS	 29696	 30719	     2	 30100.0
STATS	 30720	 31743	     1	 31119.0
STATS	 36864	 38911	     1	 37681.0
STATS	 40960	 43007	     1	 41390.0
STATS	 55296	 57343	     1	 56526.0
STATS	102400	106495	     1	103787.0
STATS	114688	118783	     1	117683.0
STATS	139264	147455	     1	146677.0
STATS	mode	0	5206	 15050.0
STATS	mode	1	5059	 16748.0
STATS	mode	2	3826	 14686.0
STATS	mode_avg	 15560.8
STATS	summary	lx128	10240	     1.5
STATS	start	bytes=11264	func=memcpy
STATS	 21504	 22527	 10288	 21931.0
STATS	 22528	 23551	  6359	 22941.0
STATS	 23552	 24575	  2165	 23878.0
STATS	 24576	 25599	    28	 24833.0
STATS	 29696	 30719	   250	 30609.0
STATS	 30720	 31743	   501	 31171.0
STATS	 31744	 32767	   330	 32132.0
STATS	 32768	 34815	    71	 33152.0
STATS	 34816	 36863	     5	 35389.0
STATS	 36864	 38911	     1	 36958.0
STATS	 81920	 86015	     1	 85009.0
STATS	 86016	 90111	     1	 89514.0
STATS	mode	0	10288	 21931.0
STATS	mode	1	6359	 22941.0
STATS	mode	2	2165	 23878.0
STATS	mode_avg	 22496.5
STATS	summary	memcpy	11264	     2.0
STATS	start	bytes=11264	func=libc586
STATS	 21504	 22527	 10663	 21937.0
STATS	 22528	 23551	  6103	 22948.0
STATS	 23552	 24575	  2058	 23864.0
STATS	 24576	 25599	    22	 24858.0
STATS	 29696	 30719	   388	 30518.0
STATS	 30720	 31743	   442	 31247.0
STATS	 31744	 32767	   273	 32178.0
STATS	 32768	 34815	    46	 33217.0
STATS	 34816	 36863	     5	 35699.0
STATS	mode	0	10663	 21937.0
STATS	mode	1	6103	 22948.0
STATS	mode	2	2058	 23864.0
STATS	mode_avg	 22475.5
STATS	summary	libc586	11264	     2.0
STATS	start	bytes=11264	func=lx64
STATS	 14848	 15359	    74	 15333.0
STATS	 15360	 15871	  4981	 15668.0
STATS	 15872	 16383	  3562	 16087.0
STATS	 16384	 17407	  3504	 16950.0
STATS	 17408	 18431	  4613	 17863.0
STATS	 18432	 19455	  1607	 19017.0
STATS	 19456	 20479	   785	 19726.0
STATS	 20480	 21503	     4	 20576.0
STATS	 23552	 24575	   175	 24402.0
STATS	 24576	 25599	   231	 24942.0
STATS	 25600	 26623	   219	 26163.0
STATS	 26624	 27647	   131	 26954.0
STATS	 27648	 28671	    96	 28059.0
STATS	 28672	 29695	    10	 28987.0
STATS	 29696	 30719	     5	 30404.0
STATS	 31744	 32767	     1	 31896.0
STATS	 73728	 77823	     1	 76891.0
STATS	 90112	 94207	     1	 94048.0
STATS	mode	0	4981	 15668.0
STATS	mode	1	4613	 17863.0
STATS	mode	2	3562	 16087.0
STATS	mode_avg	 16551.1
STATS	summary	lx64	11264	     1.5
STATS	start	bytes=11264	func=lx64si0
STATS	 12800	 13311	     9	 13299.0
STATS	 13312	 13823	  6124	 13598.0
STATS	 13824	 14335	  3152	 14046.0
STATS	 14336	 14847	  2790	 14623.0
STATS	 14848	 15359	  3504	 15100.0
STATS	 15360	 15871	  1538	 15567.0
STATS	 15872	 16383	  1380	 16148.0
STATS	 16384	 17407	   763	 16625.0
STATS	 17408	 18431	    10	 17556.0
STATS	 21504	 22527	   183	 22340.0
STATS	 22528	 23551	   224	 23008.0
STATS	 23552	 24575	   223	 23949.0
STATS	 24576	 25599	    82	 25006.0
STATS	 25600	 26623	    10	 26108.0
STATS	 26624	 27647	     3	 27269.0
STATS	 27648	 28671	     1	 27925.0
STATS	 28672	 29695	     3	 29170.0
STATS	 73728	 77823	     1	 74243.0
STATS	mode	0	6124	 13598.0
STATS	mode	1	3504	 15100.0
STATS	mode	2	3152	 14046.0
STATS	mode_avg	 14120.3
STATS	summary	lx64si0	11264	     1.3
STATS	start	bytes=11264	func=lx128
STATS	 15872	 16383	  3851	 16253.0
STATS	 16384	 17407	  7123	 16790.0
STATS	 17408	 18431	  5578	 17878.0
STATS	 18432	 19455	  2283	 18945.0
STATS	 19456	 20479	   274	 19628.0
STATS	 24576	 25599	   347	 25188.0
STATS	 25600	 26623	   251	 26169.0
STATS	 26624	 27647	   192	 27048.0
STATS	 27648	 28671	    85	 27940.0
STATS	 28672	 29695	     9	 29226.0
STATS	 29696	 30719	     3	 30206.0
STATS	 30720	 31743	     1	 31089.0
STATS	 31744	 32767	     1	 31895.0
STATS	 38912	 40959	     1	 39213.0
STATS	 77824	 81919	     1	 79730.0
STATS	mode	0	7123	 16790.0
STATS	mode	1	5578	 17878.0
STATS	mode	2	3851	 16253.0
STATS	mode_avg	 17031.7
STATS	summary	lx128	11264	     1.5
STATS	start	bytes=12288	func=memcpy
STATS	 22528	 23551	    36	 23542.0
STATS	 23552	 24575	 10017	 23891.0
STATS	 24576	 25599	  6565	 24990.0
STATS	 25600	 26623	  1836	 25940.0
STATS	 26624	 27647	   286	 26835.0
STATS	 27648	 28671	     2	 27877.0
STATS	 31744	 32767	   326	 32613.0
STATS	 32768	 34815	   816	 33644.0
STATS	 34816	 36863	   108	 35298.0
STATS	 36864	 38911	     6	 37806.0
STATS	 38912	 40959	     2	 39251.0
STATS	mode	0	10017	 23891.0
STATS	mode	1	6565	 24990.0
STATS	mode	2	1836	 25940.0
STATS	mode_avg	 24487.0
STATS	summary	memcpy	12288	     2.0
STATS	start	bytes=12288	func=libc586
STATS	 22528	 23551	   163	 23536.0
STATS	 23552	 24575	  9845	 23882.0
STATS	 24576	 25599	  6873	 24987.0
STATS	 25600	 26623	  1605	 25909.0
STATS	 26624	 27647	   259	 26870.0
STATS	 31744	 32767	   520	 32508.0
STATS	 32768	 34815	   670	 33634.0
STATS	 34816	 36863	    56	 35411.0
STATS	 36864	 38911	     6	 37841.0
STATS	 38912	 40959	     1	 39867.0
STATS	 81920	 86015	     1	 85544.0
STATS	 90112	 94207	     1	 91205.0
STATS	mode	0	9845	 23882.0
STATS	mode	1	6873	 24987.0
STATS	mode	2	1605	 25909.0
STATS	mode_avg	 24474.0
STATS	summary	libc586	12288	     2.0
STATS	start	bytes=12288	func=lx64
STATS	 16384	 17407	  5958	 17142.0
STATS	 17408	 18431	  3985	 17734.0
STATS	 18432	 19455	  5148	 19150.0
STATS	 19456	 20479	  2080	 19759.0
STATS	 20480	 21503	  1521	 20936.0
STATS	 21504	 22527	   148	 21757.0
STATS	 22528	 23551	   210	 22718.0
STATS	 24576	 25599	     3	 25571.0
STATS	 25600	 26623	   390	 26057.0
STATS	 26624	 27647	    88	 27077.0
STATS	 27648	 28671	   322	 28066.0
STATS	 28672	 29695	    84	 29206.0
STATS	 29696	 30719	    46	 29993.0
STATS	 30720	 31743	    12	 31353.0
STATS	 31744	 32767	     4	 32437.0
STATS	 73728	 77823	     1	 74819.0
STATS	mode	0	5958	 17142.0
STATS	mode	1	5148	 19150.0
STATS	mode	2	3985	 17734.0
STATS	mode_avg	 17983.3
STATS	summary	lx64	12288	     1.5
STATS	start	bytes=12288	func=lx64si0
STATS	 14336	 14847	  3411	 14749.0
STATS	 14848	 15359	  4854	 15069.0
STATS	 15360	 15871	  1783	 15571.0
STATS	 15872	 16383	  3569	 16231.0
STATS	 16384	 17407	  4128	 16762.0
STATS	 17408	 18431	  1162	 17778.0
STATS	 18432	 19455	   278	 18803.0
STATS	 19456	 20479	     4	 19545.0
STATS	 22528	 23551	    86	 23473.0
STATS	 23552	 24575	   309	 23895.0
STATS	 24576	 25599	   269	 25129.0
STATS	 25600	 26623	   101	 26119.0
STATS	 26624	 27647	    29	 27078.0
STATS	 27648	 28671	    12	 27968.0
STATS	 28672	 29695	     2	 28984.0
STATS	 29696	 30719	     1	 29732.0
STATS	 73728	 77823	     1	 77374.0
STATS	 81920	 86015	     1	 82832.0
STATS	mode	0	4854	 15069.0
STATS	mode	1	4128	 16762.0
STATS	mode	2	3569	 16231.0
STATS	mode_avg	 15956.3
STATS	summary	lx64si0	12288	     1.3
STATS	start	bytes=12288	func=lx128
STATS	 17408	 18431	  8795	 17941.0
STATS	 18432	 19455	  4728	 19108.0
STATS	 19456	 20479	  4078	 19802.0
STATS	 20480	 21503	  1166	 20860.0
STATS	 21504	 22527	   260	 21940.0
STATS	 22528	 23551	     3	 22806.0
STATS	 23552	 24575	     2	 24090.0
STATS	 24576	 25599	     1	 25487.0
STATS	 25600	 26623	   186	 26497.0
STATS	 26624	 27647	   290	 26970.0
STATS	 27648	 28671	   321	 28185.0
STATS	 28672	 29695	   116	 29141.0
STATS	 29696	 30719	    29	 30059.0
STATS	 30720	 31743	    13	 31128.0
STATS	 31744	 32767	     3	 32035.0
STATS	 32768	 34815	     3	 33244.0
STATS	 40960	 43007	     1	 42625.0
STATS	 55296	 57343	     1	 56815.0
STATS	 59392	 61439	     1	 60470.0
STATS	126976	131071	     1	130120.0
STATS	147456	155647	     1	151832.0
STATS	155648	163839	     1	159925.0
STATS	mode	0	8795	 17941.0
STATS	mode	1	4728	 19108.0
STATS	mode	2	4078	 19802.0
STATS	mode_avg	 18685.7
STATS	summary	lx128	12288	     1.5
STATS	start	bytes=13312	func=memcpy
STATS	 24576	 25599	   258	 25566.0
STATS	 25600	 26623	  9642	 25958.0
STATS	 26624	 27647	  6565	 27052.0
STATS	 27648	 28671	  1950	 28137.0
STATS	 28672	 29695	   220	 28883.0
STATS	 29696	 30719	     2	 29906.0
STATS	 32768	 34815	   347	 34624.0
STATS	 34816	 36863	   866	 35657.0
STATS	 36864	 38911	   140	 37348.0
STATS	 38912	 40959	     7	 39978.0
STATS	 40960	 43007	     1	 41107.0
STATS	 86016	 90111	     2	 88742.0
STATS	mode	0	9642	 25958.0
STATS	mode	1	6565	 27052.0
STATS	mode	2	1950	 28137.0
STATS	mode_avg	 26587.6
STATS	summary	memcpy	13312	     2.0
STATS	start	bytes=13312	func=libc586
STATS	 24576	 25599	   701	 25556.0
STATS	 25600	 26623	  9294	 25963.0
STATS	 26624	 27647	  6455	 27044.0
STATS	 27648	 28671	  1951	 28118.0
STATS	 28672	 29695	   242	 28885.0
STATS	 32768	 34815	   487	 34537.0
STATS	 34816	 36863	   737	 35677.0
STATS	 36864	 38911	   125	 37298.0
STATS	 38912	 40959	     6	 39647.0
STATS	 86016	 90111	     1	 87798.0
STATS	 98304	102399	     1	102173.0
STATS	mode	0	9294	 25963.0
STATS	mode	1	6455	 27044.0
STATS	mode	2	1951	 28118.0
STATS	mode_avg	 26594.8
STATS	summary	libc586	13312	     2.0
STATS	start	bytes=13312	func=lx64
STATS	 17408	 18431	   945	 18337.0
STATS	 18432	 19455	  7578	 18861.0
STATS	 19456	 20479	  2675	 19993.0
STATS	 20480	 21503	  5141	 20930.0
STATS	 21504	 22527	  1099	 21853.0
STATS	 22528	 23551	  1432	 23061.0
STATS	 23552	 24575	   104	 23749.0
STATS	 26624	 27647	   227	 27364.0
STATS	 27648	 28671	   241	 28048.0
STATS	 28672	 29695	   245	 29259.0
STATS	 29696	 30719	   183	 30078.0
STATS	 30720	 31743	    59	 31272.0
STATS	 31744	 32767	    62	 32011.0
STATS	 32768	 34815	     8	 33473.0
STATS	 77824	 81919	     1	 81224.0
STATS	mode	0	7578	 18861.0
STATS	mode	1	5141	 20930.0
STATS	mode	2	2675	 19993.0
STATS	mode_avg	 19748.7
STATS	summary	lx64	13312	     1.5
STATS	start	bytes=13312	func=lx64si0
STATS	 15360	 15871	   113	 15848.0
STATS	 15872	 16383	  5288	 16132.0
STATS	 16384	 17407	  5171	 16782.0
STATS	 17408	 18431	  6139	 17837.0
STATS	 18432	 19455	  1628	 18981.0
STATS	 19456	 20479	   760	 19711.0
STATS	 20480	 21503	    16	 20638.0
STATS	 23552	 24575	     1	 24571.0
STATS	 24576	 25599	   357	 25071.0
STATS	 25600	 26623	   257	 26203.0
STATS	 26624	 27647	   159	 26956.0
STATS	 27648	 28671	    92	 28102.0
STATS	 28672	 29695	    11	 28956.0
STATS	 29696	 30719	     3	 30157.0
STATS	 31744	 32767	     2	 32112.0
STATS	 40960	 43007	     1	 41501.0
STATS	 77824	 81919	     1	 79942.0
STATS	 86016	 90111	     1	 86833.0
STATS	mode	0	6139	 17837.0
STATS	mode	1	5288	 16132.0
STATS	mode	2	5171	 16782.0
STATS	mode_avg	 16965.1
STATS	summary	lx64si0	13312	     1.3
STATS	start	bytes=13312	func=lx128
STATS	 18432	 19455	  3795	 19287.0
STATS	 19456	 20479	  6209	 19830.0
STATS	 20480	 21503	  6147	 21010.0
STATS	 21504	 22527	  1499	 21916.0
STATS	 22528	 23551	  1274	 22827.0
STATS	 23552	 24575	    22	 23712.0
STATS	 24576	 25599	     1	 24631.0
STATS	 25600	 26623	     2	 25677.0
STATS	 26624	 27647	     2	 27071.0
STATS	 27648	 28671	   405	 28224.0
STATS	 28672	 29695	   268	 29230.0
STATS	 29696	 30719	   255	 30070.0
STATS	 30720	 31743	    92	 31281.0
STATS	 31744	 32767	    20	 32003.0
STATS	 32768	 34815	     5	 33623.0
STATS	 34816	 36863	     1	 34894.0
STATS	 57344	 59391	     1	 59015.0
STATS	139264	147455	     1	139879.0
STATS	147456	155647	     1	150371.0
STATS	mode	0	6209	 19830.0
STATS	mode	1	6147	 21010.0
STATS	mode	2	3795	 19287.0
STATS	mode_avg	 20151.5
STATS	summary	lx128	13312	     1.5
STATS	start	bytes=14336	func=memcpy
STATS	 26624	 27647	   559	 27605.0
STATS	 27648	 28671	  9130	 28004.0
STATS	 28672	 29695	  6059	 29047.0
STATS	 29696	 30719	  2425	 30053.0
STATS	 30720	 31743	   350	 30992.0
STATS	 31744	 32767	     4	 31896.0
STATS	 34816	 36863	   400	 36658.0
STATS	 36864	 38911	   904	 37769.0
STATS	 38912	 40959	   158	 39400.0
STATS	 40960	 43007	     8	 41940.0
STATS	 43008	 45055	     1	 43240.0
STATS	 90112	 94207	     1	 91987.0
STATS	 94208	 98303	     1	 94688.0
STATS	mode	0	9130	 28004.0
STATS	mode	1	6059	 29047.0
STATS	mode	2	2425	 30053.0
STATS	mode_avg	 28644.9
STATS	summary	memcpy	14336	     2.0
STATS	start	bytes=14336	func=libc586
STATS	 26624	 27647	   946	 27580.0
STATS	 27648	 28671	  8823	 28003.0
STATS	 28672	 29695	  6143	 29047.0
STATS	 29696	 30719	  2298	 30002.0
STATS	 30720	 31743	   306	 31059.0
STATS	 31744	 32767	     5	 31831.0
STATS	 34816	 36863	   537	 36557.0
STATS	 36864	 38911	   829	 37793.0
STATS	 38912	 40959	    99	 39389.0
STATS	 40960	 43007	     9	 41747.0
STATS	 43008	 45055	     2	 43425.0
STATS	 81920	 86015	     1	 85587.0
STATS	 90112	 94207	     2	 92229.0
STATS	mode	0	8823	 28003.0
STATS	mode	1	6143	 29047.0
STATS	mode	2	2298	 30002.0
STATS	mode_avg	 28640.6
STATS	summary	libc586	14336	     2.0
STATS	start	bytes=14336	func=lx64
STATS	 19456	 20479	  5981	 20169.0
STATS	 20480	 21503	  3218	 20837.0
STATS	 21504	 22527	  5173	 22062.0
STATS	 22528	 23551	  2124	 22942.0
STATS	 23552	 24575	  1746	 24031.0
STATS	 24576	 25599	   400	 24776.0
STATS	 25600	 26623	   253	 25861.0
STATS	 27648	 28671	    38	 28586.0
STATS	 28672	 29695	   369	 29122.0
STATS	 29696	 30719	   187	 30308.0
STATS	 30720	 31743	   281	 31125.0
STATS	 31744	 32767	   110	 32285.0
STATS	 32768	 34815	   114	 33366.0
STATS	 34816	 36863	     3	 35701.0
STATS	 36864	 38911	     1	 36891.0
STATS	 38912	 40959	     1	 38997.0
STATS	 49152	 51199	     1	 49625.0
STATS	mode	0	5981	 20169.0
STATS	mode	1	5173	 22062.0
STATS	mode	2	3218	 20837.0
STATS	mode_avg	 20999.9
STATS	summary	lx64	14336	     1.5
STATS	start	bytes=14336	func=lx64si0
STATS	 16384	 17407	  2374	 17300.0
STATS	 17408	 18431	  6689	 17758.0
STATS	 18432	 19455	  6262	 18925.0
STATS	 19456	 20479	  2632	 19978.0
STATS	 20480	 21503	   855	 20769.0
STATS	 21504	 22527	   243	 21781.0
STATS	 22528	 23551	     2	 22682.0
STATS	 25600	 26623	   321	 26272.0
STATS	 26624	 27647	   243	 27234.0
STATS	 27648	 28671	   215	 28050.0
STATS	 28672	 29695	   124	 29132.0
STATS	 29696	 30719	    24	 30133.0
STATS	 30720	 31743	    13	 31194.0
STATS	 31744	 32767	     1	 32209.0
STATS	 34816	 36863	     1	 34964.0
STATS	 94208	 98303	     1	 95065.0
STATS	mode	0	6689	 17758.0
STATS	mode	1	6262	 18925.0
STATS	mode	2	2632	 19978.0
STATS	mode_avg	 18601.9
STATS	summary	lx64si0	14336	     1.3
STATS	start	bytes=14336	func=lx128
STATS	 19456	 20479	    20	 20454.0
STATS	 20480	 21503	  7867	 21007.0
STATS	 21504	 22527	  5146	 22120.0
STATS	 22528	 23551	  3650	 22959.0
STATS	 23552	 24575	  1743	 23999.0
STATS	 24576	 25599	   417	 25076.0
STATS	 25600	 26623	    21	 25851.0
STATS	 28672	 29695	   188	 29542.0
STATS	 29696	 30719	   334	 30121.0
STATS	 30720	 31743	   339	 31196.0
STATS	 31744	 32767	   169	 32223.0
STATS	 32768	 34815	   100	 33373.0
STATS	 34816	 36863	     4	 36095.0
STATS	 36864	 38911	     1	 37246.0
STATS	 94208	 98303	     1	 95521.0
STATS	mode	0	7867	 21007.0
STATS	mode	1	5146	 22120.0
STATS	mode	2	3650	 22959.0
STATS	mode_avg	 21778.3
STATS	summary	lx128	14336	     1.5
STATS	start	bytes=15360	func=memcpy
STATS	 28672	 29695	  1328	 29605.0
STATS	 29696	 30719	  7479	 30044.0
STATS	 30720	 31743	  7082	 31070.0
STATS	 31744	 32767	  1856	 32108.0
STATS	 32768	 34815	   678	 33270.0
STATS	 34816	 36863	     1	 34907.0
STATS	 36864	 38911	   425	 38664.0
STATS	 38912	 40959	   973	 39840.0
STATS	 40960	 43007	   157	 41676.0
STATS	 43008	 45055	    14	 43801.0
STATS	 45056	 47103	     1	 45471.0
STATS	 69632	 73727	     1	 72302.0
STATS	 86016	 90111	     1	 88307.0
STATS	 90112	 94207	     1	 91557.0
STATS	118784	122879	     1	120571.0
STATS	139264	147455	     1	141371.0
STATS	172032	180223	     1	175055.0
STATS	mode	0	7479	 30044.0
STATS	mode	1	7082	 31070.0
STATS	mode	2	1856	 32108.0
STATS	mode_avg	 30719.9
STATS	summary	memcpy	15360	     2.0
STATS	start	bytes=15360	func=libc586
STATS	 28672	 29695	  1907	 29602.0
STATS	 29696	 30719	  6891	 30038.0
STATS	 30720	 31743	  7154	 31074.0
STATS	 31744	 32767	  1819	 32086.0
STATS	 32768	 34815	   668	 33170.0
STATS	 36864	 38911	   543	 38561.0
STATS	 38912	 40959	   887	 39839.0
STATS	 40960	 43007	   121	 41690.0
STATS	 43008	 45055	     7	 43836.0
STATS	 55296	 57343	     1	 57086.0
STATS	 90112	 94207	     2	 92797.0
STATS	mode	0	7154	 31074.0
STATS	mode	1	6891	 30038.0
STATS	mode	2	1907	 29602.0
STATS	mode_avg	 30450.5
STATS	summary	libc586	15360	     2.0
STATS	start	bytes=15360	func=lx64
STATS	 20480	 21503	  1465	 21366.0
STATS	 21504	 22527	  6148	 21876.0
STATS	 22528	 23551	  3068	 23199.0
STATS	 23552	 24575	  4992	 23880.0
STATS	 24576	 25599	  1505	 25079.0
STATS	 25600	 26623	  1055	 25902.0
STATS	 26624	 27647	   348	 27267.0
STATS	 27648	 28671	   233	 27868.0
STATS	 28672	 29695	     1	 28733.0
STATS	 29696	 30719	   271	 30356.0
STATS	 30720	 31743	   193	 31156.0
STATS	 31744	 32767	   359	 32369.0
STATS	 32768	 34815	   288	 33751.0
STATS	 34816	 36863	    63	 35544.0
STATS	 36864	 38911	     9	 37473.0
STATS	 81920	 86015	     1	 83640.0
STATS	 94208	 98303	     1	 97294.0
STATS	mode	0	6148	 21876.0
STATS	mode	1	4992	 23880.0
STATS	mode	2	3068	 23199.0
STATS	mode_avg	 22865.8
STATS	summary	lx64	15360	     1.5
STATS	start	bytes=15360	func=lx64si0
STATS	 17408	 18431	   230	 18397.0
STATS	 18432	 19455	  7405	 18870.0
STATS	 19456	 20479	  6506	 20098.0
STATS	 20480	 21503	  2890	 20915.0
STATS	 21504	 22527	  1362	 21830.0
STATS	 22528	 23551	   557	 23028.0
STATS	 23552	 24575	    40	 23768.0
STATS	 26624	 27647	   226	 27422.0
STATS	 27648	 28671	   212	 28092.0
STATS	 28672	 29695	   355	 29077.0
STATS	 29696	 30719	   139	 30182.0
STATS	 30720	 31743	    38	 31202.0
STATS	 31744	 32767	    31	 32078.0
STATS	 32768	 34815	     7	 33459.0
STATS	 36864	 38911	     1	 37134.0
STATS	 77824	 81919	     1	 78650.0
STATS	mode	0	7405	 18870.0
STATS	mode	1	6506	 20098.0
STATS	mode	2	2890	 20915.0
STATS	mode_avg	 19697.3
STATS	summary	lx64si0	15360	     1.3
STATS	start	bytes=15360	func=lx128
STATS	 21504	 22527	  3891	 22335.0
STATS	 22528	 23551	  4480	 22895.0
STATS	 23552	 24575	  6947	 24019.0
STATS	 24576	 25599	  2108	 25066.0
STATS	 25600	 26623	   869	 25928.0
STATS	 26624	 27647	   480	 27060.0
STATS	 27648	 28671	    21	 27846.0
STATS	 29696	 30719	     1	 30100.0
STATS	 30720	 31743	   368	 31286.0
STATS	 31744	 32767	   311	 32375.0
STATS	 32768	 34815	   453	 33429.0
STATS	 34816	 36863	    59	 35606.0
STATS	 36864	 38911	     3	 37625.0
STATS	 38912	 40959	     1	 40778.0
STATS	 43008	 45055	     1	 44446.0
STATS	 45056	 47103	     1	 45592.0
STATS	 59392	 61439	     1	 60832.0
STATS	 81920	 86015	     1	 84041.0
STATS	 90112	 94207	     1	 93118.0
STATS	102400	106495	     1	103850.0
STATS	126976	131071	     1	129275.0
STATS	163840	172031	     1	169145.0
STATS	mode	0	6947	 24019.0
STATS	mode	1	4480	 22895.0
STATS	mode	2	3891	 22335.0
STATS	mode_avg	 23262.5
STATS	summary	lx128	15360	     1.5
STATS	start	bytes=16384	func=memcpy
STATS	 30720	 31743	  1283	 31684.0
STATS	 31744	 32767	  7988	 32133.0
STATS	 32768	 34815	  8358	 33472.0
STATS	 34816	 36863	   685	 35167.0
STATS	 38912	 40959	   431	 40713.0
STATS	 40960	 43007	  1041	 41881.0
STATS	 43008	 45055	   198	 43600.0
STATS	 45056	 47103	    12	 45906.0
STATS	 47104	 49151	     1	 47284.0
STATS	 51200	 53247	     1	 51457.0
STATS	 94208	 98303	     1	 96244.0
STATS	 98304	102399	     1	 98328.0
STATS	mode	0	8358	 33472.0
STATS	mode	1	7988	 32133.0
STATS	mode	2	1283	 31684.0
STATS	mode_avg	 32735.1
STATS	summary	memcpy	16384	     2.0
STATS	start	bytes=16384	func=libc586
STATS	 30720	 31743	  2059	 31635.0
STATS	 31744	 32767	  7476	 32151.0
STATS	 32768	 34815	  8247	 33474.0
STATS	 34816	 36863	   559	 35217.0
STATS	 38912	 40959	   537	 40614.0
STATS	 40960	 43007	   956	 41907.0
STATS	 43008	 45055	   156	 43588.0
STATS	 45056	 47103	     6	 45775.0
STATS	 47104	 49151	     2	 48482.0
STATS	 90112	 94207	     1	 93295.0
STATS	106496	110591	     1	108195.0
STATS	mode	0	8247	 33474.0
STATS	mode	1	7476	 32151.0
STATS	mode	2	2059	 31635.0
STATS	mode_avg	 32704.8
STATS	summary	libc586	16384	     2.0
STATS	start	bytes=16384	func=lx64
STATS	 22528	 23551	  5847	 23164.0
STATS	 23552	 24575	  3041	 23968.0
STATS	 24576	 25599	  4824	 25097.0
STATS	 25600	 26623	  2321	 26136.0
STATS	 26624	 27647	  1878	 27102.0
STATS	 27648	 28671	   440	 28166.0
STATS	 28672	 29695	   370	 29119.0
STATS	 29696	 30719	    11	 29916.0
STATS	 30720	 31743	    90	 31598.0
STATS	 31744	 32767	   368	 32202.0
STATS	 32768	 34815	   486	 33807.0
STATS	 34816	 36863	   260	 35637.0
STATS	 36864	 38911	    58	 37636.0
STATS	 38912	 40959	     3	 39941.0
STATS	 40960	 43007	     1	 41909.0
STATS	 73728	 77823	     1	 76772.0
STATS	 90112	 94207	     1	 90941.0
STATS	mode	0	5847	 23164.0
STATS	mode	1	4824	 25097.0
STATS	mode	2	3041	 23968.0
STATS	mode_avg	 24022.4
STATS	summary	lx64	16384	     1.5
STATS	start	bytes=16384	func=lx64si0
STATS	 19456	 20479	  6163	 20102.0
STATS	 20480	 21503	  5327	 21015.0
STATS	 21504	 22527	  4314	 21946.0
STATS	 22528	 23551	  2308	 22946.0
STATS	 23552	 24575	   670	 24053.0
STATS	 24576	 25599	   148	 24799.0
STATS	 25600	 26623	     1	 25630.0
STATS	 27648	 28671	    76	 28556.0
STATS	 28672	 29695	   334	 29133.0
STATS	 29696	 30719	   322	 30200.0
STATS	 30720	 31743	   195	 31223.0
STATS	 31744	 32767	    92	 32127.0
STATS	 32768	 34815	    44	 33301.0
STATS	 34816	 36863	     4	 35805.0
STATS	 81920	 86015	     1	 82765.0
STATS	 86016	 90111	     1	 89351.0
STATS	mode	0	6163	 20102.0
STATS	mode	1	5327	 21015.0
STATS	mode	2	4314	 21946.0
STATS	mode_avg	 20913.1
STATS	summary	lx64si0	16384	     1.3
STATS	start	bytes=16384	func=lx128
STATS	 22528	 23551	    19	 23524.0
STATS	 23552	 24575	  6980	 24087.0
STATS	 24576	 25599	  5020	 25148.0
STATS	 25600	 26623	  3936	 26067.0
STATS	 26624	 27647	  1998	 27063.0
STATS	 27648	 28671	   598	 28163.0
STATS	 28672	 29695	   140	 28903.0
STATS	 29696	 30719	     5	 29881.0
STATS	 31744	 32767	   162	 32580.0
STATS	 32768	 34815	   765	 33722.0
STATS	 34816	 36863	   322	 35573.0
STATS	 36864	 38911	    51	 37399.0
STATS	 38912	 40959	     2	 39857.0
STATS	 81920	 86015	     1	 84422.0
STATS	 98304	102399	     1	 99118.0
STATS	mode	0	6980	 24087.0
STATS	mode	1	5020	 25148.0
STATS	mode	2	3936	 26067.0
STATS	mode_avg	 24910.3
STATS	summary	lx128	16384	     1.5
bytes     memcpy libc586    lx64 lx64si0   lx128
    1024    2022    1963    1299    1142    1385
    2048    3949    3867    2656    2381    2786
    3072    5855    5862    4017    3548    4150
    4096    7857    7831    5491    4841    5752
    5120    9818    9800    6878    6015    7243
    6144   11810   11770    8278    7274    8641
    7168   13726   13705    9667    8404   10170
    8192   15686   15667   11128    9713   11656
    9216   17662   17619   12520   10901   13060
   10240   19625   19585   13915   12119   14455
   11264   21566   21531   15266   13285   15999
   12288   23506   23493   16783   14579   17482
   13312   25477   25461   18154   15794   18913
   14336   27502   27435   19676   17080   20407
   15360   29426   29391   21055   18302   21941
   16384   31556   31428   22556   19600   23477
